1   130.0   05-11_20:45:02.3260   130
2   156.0   05-11_20:45:03.1970   182
3   152.0   05-11_20:45:04.1950   144
4   151.0   05-11_20:45:05.0990   148
5   157.2   05-11_20:45:06.0350   182
6   156.5   05-11_20:45:06.9530   153
7   158.85715   05-11_20:45:07.8890   173
8   164.125   05-11_20:45:08.8460   201
9   164.44444   05-11_20:45:09.8280   167
10   163.6   05-11_20:45:10.8070   156
11   163.54546   05-11_20:45:11.7470   163
12   164.5   05-11_20:45:12.7250   175
13   163.53847   05-11_20:45:13.7030   152
14   164.5   05-11_20:45:14.6650   177
15   164.6   05-11_20:45:15.7290   166
16   166.625   05-11_20:45:16.6990   197
17   167.41176   05-11_20:45:17.7230   180
18   167.38889   05-11_20:45:18.6980   167
19   168.1579   05-11_20:45:19.6630   182
20   168.55   05-11_20:45:20.6650   176
21   168.95238   05-11_20:45:21.6620   177
22   169.22728   05-11_20:45:22.6150   175
23   168.86957   05-11_20:45:23.5820   161
24   168.95833   05-11_20:45:24.5350   171
25   167.28   05-11_20:45:25.5160   127
26   166.34616   05-11_20:45:26.4340   143
27   174.03703   05-11_20:45:27.3770   374
28   175.14285   05-11_20:45:28.5680   205
29   174.3793   05-11_20:45:29.5410   153
30   173.03334   05-11_20:45:30.5110   134
31   171.2258   05-11_20:45:31.4110   117
32   169.84375   05-11_20:45:32.3000   127
33   169.36363   05-11_20:45:33.1800   154
34   169.44118   05-11_20:45:34.1310   172
35   169.71428   05-11_20:45:35.1120   179
36   170.41667   05-11_20:45:36.0960   195
37   171.59459   05-11_20:45:37.0880   214
38   172.57895   05-11_20:45:38.1160   209
39   175.05128   05-11_20:45:39.0870   269
40   175.3   05-11_20:45:40.1780   185
41   175.43903   05-11_20:45:41.1760   181
42   175.38095   05-11_20:45:42.1720   173
43   175.13954   05-11_20:45:43.1270   165
44   175.97728   05-11_20:45:44.0770   212
45   176.77777   05-11_20:45:45.0870   212
46   177.08696   05-11_20:45:46.0730   191
47   176.12766   05-11_20:45:47.0690   132
48   175.83333   05-11_20:45:47.9670   162
49   175.53061   05-11_20:45:48.9350   161
50   174.96   05-11_20:45:49.8730   147
51   174.19608   05-11_20:45:50.8580   136
52   173.21153   05-11_20:45:51.7320   123
53   172.35849   05-11_20:45:52.6150   128
54   172.64815   05-11_20:45:53.5010   188
55   172.27272   05-11_20:45:54.4980   152
56   172.05357   05-11_20:45:55.4660   160
57   171.21053   05-11_20:45:56.4180   124
58   171.18965   05-11_20:45:57.3340   170
59   170.86441   05-11_20:45:58.3080   152
60   170.55   05-11_20:45:59.2160   152
61   170.4918   05-11_20:46:00.1910   167
62   170.7742   05-11_20:46:01.1630   188
63   170.85715   05-11_20:46:02.1510   176
64   170.8125   05-11_20:46:03.1310   168
65   170.96924   05-11_20:46:04.0990   181
66   170.5303   05-11_20:46:05.0660   142
67   170.0   05-11_20:46:05.9630   135
68   169.70589   05-11_20:46:06.8830   150
69   169.88406   05-11_20:46:07.8590   182
70   169.78572   05-11_20:46:08.8580   163
71   169.77464   05-11_20:46:09.8290   169
72   169.45833   05-11_20:46:10.8410   147
73   169.30138   05-11_20:46:11.7980   158
74   169.48648   05-11_20:46:12.6940   183
75   169.49333   05-11_20:46:13.6930   170
76   169.61842   05-11_20:46:14.6590   179
77   170.07793   05-11_20:46:15.6500   205
78   169.73077   05-11_20:46:16.6400   143
79   169.5443   05-11_20:46:17.5480   155
80   169.375   05-11_20:46:18.4940   156
81   169.34567   05-11_20:46:19.4210   167
82   168.96341   05-11_20:46:20.4040   138
83   168.78313   05-11_20:46:21.3380   154
84   168.7381   05-11_20:46:22.2590   165
85   168.64706   05-11_20:46:23.2210   161
86   168.86046   05-11_20:46:24.1840   187
87   168.50575   05-11_20:46:25.1270   138
88   168.65909   05-11_20:46:26.0700   182
89   168.4382   05-11_20:46:27.0790   149
90   168.46666   05-11_20:46:28.0240   171
91   168.5055   05-11_20:46:29.0020   172
92   168.54347   05-11_20:46:29.9910   172
93   168.82796   05-11_20:46:30.9660   195
94   169.08511   05-11_20:46:31.9490   193
95   169.56842   05-11_20:46:32.9660   215
96   169.98958   05-11_20:46:33.9830   210
97   172.48454   05-11_20:46:34.9900   412
98   172.72449   05-11_20:46:36.2070   196
99   172.73738   05-11_20:46:37.2200   174
100   172.55   05-11_20:46:38.2060   154
101   172.53465   05-11_20:46:39.1620   171
102   172.2451   05-11_20:46:40.1490   143
103   172.1165   05-11_20:46:41.0820   159
104   171.96153   05-11_20:46:42.0280   156
105   172.06667   05-11_20:46:42.9860   183
106   172.16037   05-11_20:46:43.9920   182
107   172.0841   05-11_20:46:44.9980   164
108   171.96297   05-11_20:46:45.9780   159
109   172.09174   05-11_20:46:46.9360   186
110   171.9   05-11_20:46:47.9290   151
111   171.82883   05-11_20:46:48.8850   164
112   171.78572   05-11_20:46:49.8580   167
113   171.59293   05-11_20:46:50.8250   150
114   171.5614   05-11_20:46:51.7500   168
115   171.50435   05-11_20:46:52.8250   165
116   171.21552   05-11_20:48:27.1450   138
117   170.94872   05-11_20:48:28.0920   140
118   171.05084   05-11_20:48:29.0390   183
119   171.10085   05-11_20:48:30.0220   177
120   170.95833   05-11_20:48:31.0110   154
121   171.14876   05-11_20:48:31.9560   194
122   170.94263   05-11_20:48:32.9360   146
123   170.62602   05-11_20:48:33.8320   132
124   170.8871   05-11_20:48:34.7650   203
125   170.712   05-11_20:48:35.7970   149
126   170.57143   05-11_20:48:36.7460   153
127   170.49606   05-11_20:48:37.6790   161
128   170.54688   05-11_20:48:38.6430   177
129   170.41086   05-11_20:48:39.6380   153
130   170.42308   05-11_20:48:40.5900   172
131   170.46565   05-11_20:48:41.5520   176
132   170.58333   05-11_20:48:42.5880   186
133   170.5188   05-11_20:48:43.6370   162
134   170.85822   05-11_20:48:44.6000   216
135   171.21481   05-11_20:48:45.6290   219
136   171.32353   05-11_20:48:46.6600   186
137   171.47446   05-11_20:48:47.7340   192
138   171.80435   05-11_20:48:48.7430   217
139   172.19424   05-11_20:48:49.8160   226
140   172.17143   05-11_20:48:50.8530   169
141   172.29787   05-11_20:48:51.8800   190
142   172.24648   05-11_20:48:52.9080   165
143   172.34265   05-11_20:48:53.8840   186
144   172.23611   05-11_20:48:54.8910   157
145   172.52414   05-11_20:48:55.8590   214
146   172.77397   05-11_20:48:56.8800   209
147   172.88435   05-11_20:48:57.9670   189
148   172.97298   05-11_20:48:58.9900   186
149   173.20134   05-11_20:49:00.1370   207
150   174.65334   05-11_20:49:01.1500   391
151   175.21191   05-11_20:49:02.4700   259
152   175.1908   05-11_20:49:03.7030   172
153   175.17647   05-11_20:49:04.6840   173
154   175.01299   05-11_20:49:05.6700   150
155   174.98709   05-11_20:49:06.5810   171
156   174.8077   05-11_20:49:07.5380   147
157   174.8344   05-11_20:49:08.4510   179
158   174.7152   05-11_20:49:09.4120   156
159   175.0   05-11_20:49:10.3900   220
160   175.325   05-11_20:49:11.4260   227
161   176.40373   05-11_20:49:12.4340   349
162   176.51234   05-11_20:49:13.5590   194
163   177.05522   05-11_20:49:14.5480   265
164   177.0061   05-11_20:49:15.5920   169
165   176.94545   05-11_20:49:16.5660   167
166   176.80724   05-11_20:49:17.5190   154
167   176.8503   05-11_20:49:18.5110   184
168   176.81548   05-11_20:49:19.4990   171
169   176.88165   05-11_20:49:20.4880   188
170   177.31177   05-11_20:49:21.4240   250
171   177.23976   05-11_20:49:22.4880   165
172   177.13954   05-11_20:49:23.4390   160
173   176.87862   05-11_20:49:24.3660   132
174   177.0   05-11_20:49:25.2380   198
175   176.72   05-11_20:49:26.2140   128
176   176.67046   05-11_20:49:27.1690   168
177   176.62148   05-11_20:49:28.1680   168
178   176.65169   05-11_20:49:29.1370   182
179   176.92737   05-11_20:49:30.1300   226
180   176.94444   05-11_20:49:31.1590   180
181   177.1105   05-11_20:49:32.1550   207
182   177.01648   05-11_20:49:33.1580   160
183   176.91257   05-11_20:49:34.1550   158
184   176.90761   05-11_20:49:35.1500   176
185   176.76756   05-11_20:49:36.1260   151
186   176.78494   05-11_20:49:37.0580   180
187   176.77005   05-11_20:49:38.0290   174
188   176.78192   05-11_20:49:39.0690   179
189   176.63492   05-11_20:49:40.0100   149
190   176.58421   05-11_20:49:40.9520   167
191   176.55498   05-11_20:49:41.9020   171
192   176.57292   05-11_20:49:42.8830   180
193   176.4974   05-11_20:49:43.8680   162
194   176.40721   05-11_20:49:44.8450   159
195   176.25641   05-11_20:49:45.8410   147
196   176.17857   05-11_20:49:46.7890   161
197   176.11674   05-11_20:49:47.7560   164
198   176.27777   05-11_20:49:48.7610   208
199   176.0804   05-11_20:49:49.7670   137
200   176.16   05-11_20:49:50.7040   192
201   176.1194   05-11_20:49:51.6970   168
202   176.0   05-11_20:49:52.6580   152
203   175.92119   05-11_20:49:53.6130   160
204   175.83824   05-11_20:49:54.5670   159
205   175.73659   05-11_20:49:55.5470   155
206   175.69417   05-11_20:49:56.5200   167
207   175.59903   05-11_20:49:57.5120   156
208   175.61058   05-11_20:49:58.4630   178
209   175.4976   05-11_20:49:59.3970   152
210   175.48096   05-11_20:50:00.3250   172
211   175.51659   05-11_20:50:01.2440   183
212   175.75   05-11_20:50:02.2320   225
213   175.76526   05-11_20:50:03.2610   179
214   175.5701   05-11_20:50:04.1940   134
215   175.53023   05-11_20:50:05.2400   167
216   175.50926   05-11_20:50:06.2080   171
217   175.45622   05-11_20:50:07.1940   164
218   175.40367   05-11_20:50:08.1880   164
219   175.36986   05-11_20:50:09.1660   168
220   175.35   05-11_20:50:10.1410   171
221   175.32127   05-11_20:50:11.1880   169
222   175.4009   05-11_20:50:12.1750   193
223   175.53363   05-11_20:50:13.2360   205
224   175.66518   05-11_20:50:14.3170   205
225   175.57333   05-11_20:50:15.3200   155
226   175.50443   05-11_20:50:16.3310   160
227   175.62555   05-11_20:50:17.3420   203
228   175.5351   05-11_20:50:18.3630   155
229   175.59389   05-11_20:50:19.3310   189
230   175.59566   05-11_20:50:20.3230   176
231   175.61038   05-11_20:50:21.3270   179
232   175.59483   05-11_20:50:22.3280   172
233   175.55794   05-11_20:50:23.3190   167
234   175.69658   05-11_20:50:24.2980   208
235   175.77872   05-11_20:50:25.3240   195
236   176.07204   05-11_20:50:26.3520   245
237   176.10548   05-11_20:50:27.4480   184
238   176.05463   05-11_20:50:28.4670   164
239   176.1046   05-11_20:50:29.4150   188
240   176.01666   05-11_20:50:30.4420   155
241   176.06639   05-11_20:50:31.4140   188
242   176.09505   05-11_20:50:32.4130   183
243   176.04938   05-11_20:50:33.4130   165
244   175.89345   05-11_20:50:34.4010   138
245   176.14285   05-11_20:50:35.4040   237
246   176.27235   05-11_20:50:36.4810   208
247   176.21053   05-11_20:50:37.5420   161
248   176.05241   05-11_20:50:38.4660   137
249   176.1004   05-11_20:50:39.4070   188
250   176.124   05-11_20:50:40.4170   182
251   175.90837   05-11_20:50:41.3680   122
252   176.01587   05-11_20:50:42.2880   203
253   175.95653   05-11_20:50:43.3450   161
254   175.9685   05-11_20:50:44.3320   179
255   175.99216   05-11_20:50:45.3500   182
256   176.0   05-11_20:50:46.3460   178
257   176.15953   05-11_20:50:47.3410   217
258   176.22868   05-11_20:50:48.3780   194
259   176.37065   05-11_20:50:49.3890   213
260   176.33461   05-11_20:50:50.4880   167
261   176.34866   05-11_20:50:51.4970   180
262   176.27481   05-11_20:50:52.4950   157
263   176.27757   05-11_20:50:53.4810   177
264   176.28409   05-11_20:50:54.4820   178
265   176.28679   05-11_20:50:55.4850   177
266   176.27068   05-11_20:50:56.5190   172
267   176.35956   05-11_20:50:57.5110   200
268   176.27612   05-11_20:50:58.5550   154
269   176.15985   05-11_20:50:59.4880   145
270   175.99629   05-11_20:51:00.3760   132
271   176.05904   05-11_20:51:01.2970   193
272   176.17647   05-11_20:51:02.3260   208
273   176.20512   05-11_20:51:03.3260   184
274   176.0949   05-11_20:51:04.3220   146
275   176.06909   05-11_20:51:05.2810   169
276   176.0471   05-11_20:51:06.2510   170
277   176.0   05-11_20:51:07.2420   163
278   175.92087   05-11_20:51:08.2280   154
279   176.05019   05-11_20:51:09.1780   212
280   176.025   05-11_20:51:10.2030   169
281   176.11743   05-11_20:51:11.1980   202
282   176.06029   05-11_20:51:12.2200   160
283   176.0   05-11_20:51:13.2020   159
284   176.03873   05-11_20:51:14.1880   187
285   176.02808   05-11_20:51:15.2210   173
286   175.9965   05-11_20:51:16.2140   167
287   175.96167   05-11_20:51:17.1790   166
288   176.01042   05-11_20:51:18.1580   190
289   175.9654   05-11_20:51:19.1650   163
290   175.96552   05-11_20:51:20.1520   176
291   175.91066   05-11_20:51:21.1600   160
292   175.8322   05-11_20:51:22.1440   153
293   175.83958   05-11_20:51:23.1190   178
294   175.82993   05-11_20:51:24.1210   173
295   175.85423   05-11_20:51:25.1050   183
296   175.94595   05-11_20:51:26.1070   203
297   175.92256   05-11_20:51:27.1580   169
298   175.80537   05-11_20:51:28.0910   141
299   175.77927   05-11_20:51:29.0290   168
300   175.73666   05-11_20:51:30.0190   163
301   175.68771   05-11_20:51:31.0080   161
302   175.75166   05-11_20:51:31.9730   195
303   175.76237   05-11_20:51:32.9930   179
304   175.78947   05-11_20:51:34.0040   184
305   175.78688   05-11_20:51:35.0140   175
306   175.74837   05-11_20:51:36.0380   164
307   175.72964   05-11_20:51:37.0110   170
308   175.72078   05-11_20:51:37.9770   173
309   175.71198   05-11_20:51:38.9580   173
310   175.6871   05-11_20:51:39.9380   168
311   175.69453   05-11_20:51:40.9150   178
312   175.71794   05-11_20:51:41.9360   183
313   175.8083   05-11_20:51:42.9430   204
314   175.73248   05-11_20:51:43.9680   152
315   175.80635   05-11_20:51:45.0740   199
316   175.75633   05-11_20:51:46.1150   160
317   175.71294   05-11_20:51:47.1120   162
318   175.7044   05-11_20:51:48.1010   173
319   175.82445   05-11_20:51:49.0710   214
320   175.99063   05-11_20:51:50.1210   229
321   175.97508   05-11_20:51:51.2220   171
322   175.9472   05-11_20:51:52.1970   167
323   175.88545   05-11_20:51:53.1380   156
324   175.88272   05-11_20:51:54.1150   175
325   175.84   05-11_20:51:55.1030   162
326   175.81288   05-11_20:51:56.0820   167
327   175.70642   05-11_20:51:57.0260   141
328   175.63414   05-11_20:51:57.9410   152
329   175.66261   05-11_20:51:58.8810   185
330   175.55151   05-11_20:51:59.8650   139
331   175.5287   05-11_20:52:00.7600   168
332   175.43976   05-11_20:52:01.7280   146
333   175.5045   05-11_20:52:02.7020   197
334   175.51198   05-11_20:52:03.7290   178
335   175.45074   05-11_20:52:04.7010   155
336   175.53572   05-11_20:52:05.7680   204
337   175.50148   05-11_20:52:06.7680   164
338   175.49112   05-11_20:52:07.7840   172
339   175.43953   05-11_20:52:08.7640   158
340   175.43823   05-11_20:52:09.7280   175
341   175.46921   05-11_20:52:10.7180   186
342   175.61696   05-11_20:52:11.7080   226
343   175.60933   05-11_20:52:12.7290   173
344   175.63663   05-11_20:52:13.7310   185
345   175.75362   05-11_20:52:14.7290   216
346   175.75723   05-11_20:52:15.7520   177
347   175.71469   05-11_20:52:16.7260   161
348   175.66092   05-11_20:52:17.6980   157
349   175.67908   05-11_20:52:18.6510   182
350   175.64857   05-11_20:52:19.6490   165
351   176.21367   05-11_20:52:20.6080   374
352   176.2017   05-11_20:52:21.7960   172
353   176.1643   05-11_20:52:22.7710   163
354   176.2062   05-11_20:52:23.7450   191
355   176.17465   05-11_20:52:24.7440   165
356   176.14607   05-11_20:52:25.7280   166
357   176.08963   05-11_20:52:26.7080   156
358   176.05865   05-11_20:52:27.6870   165
359   175.99721   05-11_20:52:28.6910   154
360   175.91945   05-11_20:52:29.6790   148
361   175.90582   05-11_20:52:30.6200   171
362   175.98619   05-11_20:52:31.6540   205
363   175.9752   05-11_20:52:32.6700   172
364   175.93132   05-11_20:52:33.6370   160
365   175.86575   05-11_20:52:34.5840   152
366   175.87704   05-11_20:52:35.5750   180
367   175.80382   05-11_20:52:36.5330   149
368   175.76631   05-11_20:52:37.4930   162
369   175.7019   05-11_20:52:38.4530   152
370   175.65405   05-11_20:52:39.3910   158
371   175.67386   05-11_20:52:40.3510   183
372   175.64516   05-11_20:52:41.3800   165
373   175.63808   05-11_20:52:42.3640   173
374   175.57219   05-11_20:52:43.3490   151
375   175.53067   05-11_20:52:44.3020   160
376   175.46277   05-11_20:52:45.2420   150
377   175.4297   05-11_20:52:46.1950   163
378   175.4762   05-11_20:52:47.1610   193
379   175.43799   05-11_20:52:48.1620   161
380   175.58948   05-11_20:52:49.1160   233
381   175.51706   05-11_20:52:50.1340   148
382   175.69633   05-11_20:52:51.1080   244
383   175.69452   05-11_20:52:52.1680   175
384   175.72136   05-11_20:52:53.1630   186
385   175.71169   05-11_20:52:54.1590   172
386   175.67616   05-11_20:52:55.1360   162
387   175.68475   05-11_20:52:56.1100   179
388   175.64433   05-11_20:52:57.0850   160
389   175.74036   05-11_20:52:58.0450   213
390   175.72565   05-11_20:52:59.0690   170
391   175.6266   05-11_20:53:00.0360   137
392   175.57143   05-11_20:53:01.0070   154
393   175.58524   05-11_20:53:02.0110   181
394   175.4594   05-11_20:53:03.0250   126
395   175.45822   05-11_20:53:03.9560   175
396   175.47223   05-11_20:53:04.9350   181
397   175.52141   05-11_20:53:05.9320   195
398   175.5176   05-11_20:53:06.9490   174
399   175.5213   05-11_20:53:07.8980   177
400   175.5475   05-11_20:53:08.9040   186
401   175.52618   05-11_20:53:09.9020   167
402   175.50497   05-11_20:53:10.8600   167
403   175.47891   05-11_20:53:11.8510   165
404   175.46288   05-11_20:53:12.8430   169
405   175.54321   05-11_20:53:13.8220   208
406   175.5271   05-11_20:53:14.8930   169
407   175.53072   05-11_20:53:15.8950   177
408   175.67647   05-11_20:53:16.8980   235
409   175.68214   05-11_20:53:17.9410   178
410   175.70976   05-11_20:53:18.9390   187
411   175.88321   05-11_20:53:19.9640   247
412   175.88835   05-11_20:53:21.0350   178
413   175.92737   05-11_20:53:22.0880   192
414   175.97343   05-11_20:53:23.1310   195
415   176.01927   05-11_20:53:24.3070   195
416   176.14423   05-11_20:53:25.3780   228
417   176.16307   05-11_20:53:26.4470   184
418   176.11961   05-11_20:53:27.4770   158
419   176.84248   05-11_20:53:28.4780   479
420   176.85477   05-11_20:53:29.7820   182
421   176.85036   05-11_20:53:30.7930   175
422   176.85545   05-11_20:53:31.8540   179
423   176.87471   05-11_20:53:32.8490   185
424   176.875   05-11_20:53:33.8640   177
425   176.82823   05-11_20:53:34.8690   157
426   176.81221   05-11_20:53:35.8320   170
427   176.83606   05-11_20:53:36.8120   187
428   176.9042   05-11_20:53:37.8370   206
429   176.91376   05-11_20:53:38.8850   181
430   176.94186   05-11_20:53:39.8840   189
431   176.99072   05-11_20:53:40.9070   198
432   177.2338   05-11_20:53:41.9380   282
433   177.3418   05-11_20:53:43.0340   224
434   177.4424   05-11_20:53:44.0740   221
435   177.53334   05-11_20:53:45.1530   217
436   177.5734   05-11_20:53:46.2380   195
437   177.56522   05-11_20:53:47.2550   174
438   177.65982   05-11_20:53:48.2620   219
439   177.69704   05-11_20:53:49.2990   194
440   177.70909   05-11_20:53:50.2910   183
441   177.7619   05-11_20:53:51.2980   201
442   177.78506   05-11_20:53:52.3390   188
443   177.84424   05-11_20:53:53.3450   204
444   177.95045   05-11_20:53:54.3930   225
445   177.93707   05-11_20:53:55.4760   172
446   177.9731   05-11_20:53:56.4770   194
447   177.96198   05-11_20:53:57.9120   173
448   177.95982   05-11_20:53:58.9230   177
449   177.9755   05-11_20:53:59.9690   185
450   178.08667   05-11_20:54:00.9640   228
451   178.08647   05-11_20:54:02.0660   178
452   178.1062   05-11_20:54:03.0510   187
453   178.3532   05-11_20:54:04.1130   290
454   178.34361   05-11_20:54:05.2150   174
455   178.3011   05-11_20:54:06.1960   159
456   178.26097   05-11_20:54:07.2290   160
457   178.26477   05-11_20:54:08.2020   180
458   178.29694   05-11_20:54:09.2170   193
459   178.2963   05-11_20:54:10.2490   178
460   178.26956   05-11_20:54:11.2290   166
461   178.27766   05-11_20:54:12.1920   182
462   178.24243   05-11_20:54:13.1570   162
463   178.21814   05-11_20:54:14.1450   167
464   178.22845   05-11_20:54:15.1590   183
465   178.24516   05-11_20:54:16.1540   186
466   178.32404   05-11_20:54:17.1770   215
467   178.49464   05-11_20:54:18.2510   258
468   178.5235   05-11_20:54:19.3620   192
469   178.47122   05-11_20:54:20.3590   154
470   178.41277   05-11_20:54:21.2970   151
471   178.4119   05-11_20:54:22.2800   178
472   178.31567   05-11_20:54:23.2780   133
473   178.28119   05-11_20:54:24.2130   162
474   178.31645   05-11_20:54:25.1960   195
475   178.40631   05-11_20:54:26.1520   221
476   178.35504   05-11_20:54:27.1830   154
477   178.27045   05-11_20:54:28.1330   138
478   178.25941   05-11_20:54:29.0830   173
479   178.20459   05-11_20:54:30.0560   152
480   178.17917   05-11_20:54:31.0020   166
481   178.17256   05-11_20:54:31.9880   175
482   178.16597   05-11_20:54:33.0020   175
483   178.18013   05-11_20:54:34.0050   185
484   178.0971   05-11_20:54:35.0000   138
485   178.06186   05-11_20:54:35.9360   161
486   178.07202   05-11_20:54:36.9180   183
487   178.1191   05-11_20:54:37.9350   201
488   178.21927   05-11_20:54:38.9850   227
489   178.2679   05-11_20:54:40.0150   202
490   178.29796   05-11_20:54:41.0080   193
491   178.31976   05-11_20:54:42.0360   189
492   178.30487   05-11_20:54:43.0360   171
493   178.34686   05-11_20:54:44.0220   199
494   178.37045   05-11_20:54:45.0200   190
495   178.39798   05-11_20:54:45.9910   192
496   178.45363   05-11_20:54:46.9940   206
497   178.48088   05-11_20:54:48.0240   192
498   178.46786   05-11_20:54:49.0280   172
499   178.38678   05-11_20:54:50.0250   138
500   178.444   05-11_20:54:50.9460   207
501   178.51497   05-11_20:54:51.9350   214
502   178.71115   05-11_20:54:52.9650   277
503   178.77336   05-11_20:54:54.1310   210
504   178.73611   05-11_20:54:55.2020   160
505   178.66534   05-11_20:54:56.1890   143
506   178.63637   05-11_20:54:57.1540   164
507   178.59961   05-11_20:54:58.1210   160
508   178.63583   05-11_20:54:59.0870   197
509   178.73085   05-11_20:55:00.0950   227
510   178.73334   05-11_20:55:01.1190   180
511   178.90215   05-11_20:55:02.1270   265
512   178.87305   05-11_20:55:03.2690   164
513   178.91032   05-11_20:55:04.2390   198
514   178.85603   05-11_20:55:05.2800   151
515   178.87767   05-11_20:55:06.3420   190
516   178.84496   05-11_20:55:07.3510   162
517   178.80464   05-11_20:55:08.3480   158
518   178.75482   05-11_20:55:09.3290   153
519   178.71484   05-11_20:55:10.3040   158
520   178.79808   05-11_20:55:11.2860   222
521   178.77734   05-11_20:55:12.3200   168
522   178.84291   05-11_20:55:13.3100   213
523   178.78777   05-11_20:55:14.3670   150
524   178.77672   05-11_20:55:15.3390   173
525   178.76762   05-11_20:55:16.3330   174
526   178.71483   05-11_20:55:17.3110   151
527   178.77798   05-11_20:55:18.2710   212
528   178.77083   05-11_20:55:19.2720   175
529   178.77504   05-11_20:55:20.2740   181
530   178.76793   05-11_20:55:21.2630   175
531   178.75706   05-11_20:55:22.2680   173
532   178.71617   05-11_20:55:23.2500   157
533   178.71295   05-11_20:55:24.2010   177
534   178.94008   05-11_20:55:25.2680   300
535   178.94206   05-11_20:55:26.3600   180
536   178.97015   05-11_20:55:27.3210   194
537   178.99255   05-11_20:55:28.3480   191
538   178.97212   05-11_20:55:29.3730   168
539   178.90909   05-11_20:55:30.3380   145
540   178.8574   05-11_20:55:31.2810   151
541   179.19594   05-11_20:55:32.2650   362
542   179.19373   05-11_20:55:33.4340   178
543   179.18785   05-11_20:55:34.4280   176
544   179.20221   05-11_20:55:35.4020   187
545   179.24403   05-11_20:55:36.4000   202
546   179.21428   05-11_20:55:37.3710   163
547   179.16087   05-11_20:55:38.3470   150
548   179.11496   05-11_20:55:39.2910   154
549   179.03096   05-11_20:55:40.2560   133
550   179.04727   05-11_20:55:41.1880   188
551   178.98367   05-11_20:55:42.1730   144
552   179.21921   05-11_20:55:43.1160   309
553   179.2369   05-11_20:55:44.2420   189
554   179.25452   05-11_20:55:45.2670   189
555   179.26306   05-11_20:55:46.2990   184
556   179.18706   05-11_20:55:47.3390   137
557   179.1957   05-11_20:55:48.3100   184
558   179.19534   05-11_20:55:49.3180   179
559   179.15027   05-11_20:55:50.3280   154
560   179.14285   05-11_20:55:51.2770   175
561   179.11407   05-11_20:55:52.2780   163
562   179.12811   05-11_20:55:53.2560   187
563   179.11545   05-11_20:55:54.2300   172
564   179.13652   05-11_20:55:55.2080   191
565   179.11505   05-11_20:55:56.2310   167
566   179.12367   05-11_20:55:57.2140   184
567   179.13228   05-11_20:55:58.2440   184
568   179.17253   05-11_20:55:59.2360   202
569   179.1898   05-11_20:56:00.2320   189
570   179.18596   05-11_20:56:01.1770   177
571   179.2084   05-11_20:56:02.1590   192
572   179.25874   05-11_20:56:03.1480   208
573   179.3246   05-11_20:56:04.1920   217
574   179.29791   05-11_20:56:05.2270   164
575   179.28174   05-11_20:56:06.2040   170
576   179.28473   05-11_20:56:07.2060   181
577   179.2409   05-11_20:56:08.2560   154
578   179.21626   05-11_20:56:09.2200   165
579   179.20207   05-11_20:56:10.1390   171
580   179.21207   05-11_20:56:11.1190   185
581   179.21858   05-11_20:56:12.1510   183
582   179.23024   05-11_20:56:13.1270   186
583   179.22127   05-11_20:56:14.1470   174
584   179.2928   05-11_20:56:15.1320   221
585   179.26666   05-11_20:56:16.1430   164
586   179.20648   05-11_20:56:17.1190   144
587   179.15843   05-11_20:56:18.1070   151
588   179.20578   05-11_20:56:19.0670   207
589   179.19185   05-11_20:56:20.0740   171
590   179.20338   05-11_20:56:21.0420   186
591   179.17259   05-11_20:56:22.0360   161
592   179.13852   05-11_20:56:23.0480   159
593   179.10962   05-11_20:56:24.0220   162
594   179.09596   05-11_20:56:24.9690   171
595   179.0958   05-11_20:56:25.9400   179
596   179.13759   05-11_20:56:26.9280   204
597   179.15578   05-11_20:56:27.9380   190
598   179.19733   05-11_20:56:28.9410   204
599   179.22371   05-11_20:56:29.9530   195
600   179.24   05-11_20:56:30.9420   189
601   179.23627   05-11_20:56:31.9150   177
602   179.2741   05-11_20:56:32.9850   202
603   179.35655   05-11_20:56:34.0420   229
604   179.33278   05-11_20:56:35.0680   165
605   179.3157   05-11_20:56:36.0340   169
606   179.28548   05-11_20:56:36.9800   161
607   179.25865   05-11_20:56:37.9480   163
608   179.30098   05-11_20:56:38.9480   205
609   179.27258   05-11_20:56:39.9620   162
610   179.20819   05-11_20:56:40.8710   140
611   179.1735   05-11_20:56:41.7440   158
612   179.1732   05-11_20:56:42.7090   179
613   179.22513   05-11_20:56:43.7300   211
614   179.22638   05-11_20:56:44.7590   180
615   179.21138   05-11_20:56:45.9090   170
616   179.17532   05-11_20:56:46.9130   157
617   179.14587   05-11_20:56:47.8780   161
618   179.10841   05-11_20:56:48.8480   156
619   179.09209   05-11_20:56:49.7770   169
620   179.07097   05-11_20:56:50.7710   166
621   179.0773   05-11_20:56:51.7310   183
622   179.05305   05-11_20:56:52.7300   164
623   179.02248   05-11_20:56:53.7240   160
624   179.01442   05-11_20:56:54.6730   174
625   179.04   05-11_20:56:55.6610   195
626   179.00798   05-11_20:56:56.6530   159
627   178.99521   05-11_20:56:57.6250   171
628   179.0   05-11_20:56:58.6040   182
629   178.99205   05-11_20:56:59.5810   174
630   178.97302   05-11_20:57:00.5290   167
631   178.96513   05-11_20:57:01.4680   174
632   178.98576   05-11_20:57:02.4800   192
633   179.0316   05-11_20:57:03.5010   208
634   178.99211   05-11_20:57:04.5320   154
635   178.99686   05-11_20:57:05.4970   182
636   179.00471   05-11_20:57:06.4800   184
637   178.9843   05-11_20:57:07.4870   166
638   178.93887   05-11_20:57:08.4630   150
639   179.0   05-11_20:57:09.4400   218
640   179.00468   05-11_20:57:10.4490   182
641   178.9844   05-11_20:57:11.4340   166
642   179.02025   05-11_20:57:12.4310   202
643   179.0171   05-11_20:57:13.4460   177
644   178.93167   05-11_20:57:14.4440   124
645   178.91162   05-11_20:57:15.3180   166
646   178.83437   05-11_20:57:16.2270   129
647   178.76198   05-11_20:57:17.1100   132
648   178.73457   05-11_20:57:18.0380   161
649   178.78275   05-11_20:57:18.9890   210
650   178.78308   05-11_20:57:20.0020   179
651   178.7619   05-11_20:57:20.9790   165
652   178.75461   05-11_20:57:21.9550   174
653   178.79633   05-11_20:57:22.9660   206
654   178.81804   05-11_20:57:23.9850   193
655   179.11603   05-11_20:57:24.9730   374
656   179.10062   05-11_20:57:26.1710   169
657   179.06544   05-11_20:57:27.1490   156
658   179.0228   05-11_20:57:28.0550   151
659   178.99089   05-11_20:57:29.0080   158
660   179.0288   05-11_20:57:29.9860   204
661   178.96521   05-11_20:57:31.0040   137
662   179.0136   05-11_20:57:31.9480   211
663   178.98944   05-11_20:57:32.9460   163
664   178.95331   05-11_20:57:33.9210   155
665   178.98798   05-11_20:57:34.8880   202
666   178.96997   05-11_20:57:35.8850   167
667   179.04198   05-11_20:57:36.8750   227
668   179.01497   05-11_20:57:37.9200   161
669   179.00748   05-11_20:57:38.8990   174
670   178.97313   05-11_20:57:39.8780   156
671   178.93741   05-11_20:57:40.7910   155
672   178.91815   05-11_20:57:41.8140   166
673   178.95691   05-11_20:57:42.7980   205
674   179.18695   05-11_20:57:43.8210   334
675   179.1763   05-11_20:57:44.9150   172
676   179.1716   05-11_20:57:45.8980   176
677   179.2319   05-11_20:57:46.8650   220
678   179.23009   05-11_20:57:47.9430   178
679   179.28867   05-11_20:57:48.9500   219
680   179.30441   05-11_20:57:49.9950   190
681   179.42438   05-11_20:57:51.0700   261
682   179.43842   05-11_20:57:52.1710   189
683   179.42752   05-11_20:57:53.1650   172
684   179.39766   05-11_20:57:54.1690   159
685   179.44818   05-11_20:57:55.1590   214
686   179.46065   05-11_20:57:56.1860   188
687   179.50218   05-11_20:57:57.1890   208
688   179.5407   05-11_20:57:58.2580   206
689   179.56604   05-11_20:57:59.2780   197
690   179.55797   05-11_20:58:00.3670   174
691   179.55138   05-11_20:58:01.3230   175
692   179.50867   05-11_20:58:02.3180   150
693   179.51804   05-11_20:58:03.2690   186
694   179.52449   05-11_20:58:04.2710   184
695   179.56403   05-11_20:58:05.2590   207
696   179.57327   05-11_20:58:06.2750   186
697   179.56671   05-11_20:58:07.2640   175
698   179.55444   05-11_20:58:08.2890   171
699   179.53792   05-11_20:58:09.2560   168
700   179.51572   05-11_20:58:10.2370   164
701   179.54208   05-11_20:58:11.2290   198
702   179.5342   05-11_20:58:12.2270   174
703   179.50925   05-11_20:58:13.2090   162
704   179.50853   05-11_20:58:14.1980   179
705   179.4993   05-11_20:58:15.1580   173
706   179.61049   05-11_20:58:16.1380   258
707   179.59265   05-11_20:58:17.2160   167
708   179.57768   05-11_20:58:18.1820   169
709   179.61636   05-11_20:58:19.1790   207
710   179.65634   05-11_20:58:20.1810   208
711   179.65823   05-11_20:58:21.2020   181
712   179.6222   05-11_20:58:22.2010   154
713   179.60168   05-11_20:58:23.1530   165
714   179.57143   05-11_20:58:24.1540   158
715   179.56923   05-11_20:58:25.3040   178
716   179.5447   05-11_20:58:26.2960   162
717   179.56067   05-11_20:58:27.2900   191
718   179.58914   05-11_20:58:28.3190   200
719   179.61613   05-11_20:58:29.3520   199
720   179.55695   05-11_20:58:30.3730   137
721   179.55202   05-11_20:58:31.2950   176
722   179.53879   05-11_20:58:32.2970   170
723   179.51453   05-11_20:58:33.2980   162
724   179.50552   05-11_20:58:34.2950   173
725   179.4731   05-11_20:58:35.3130   156
726   179.4573   05-11_20:58:36.2990   168
727   179.44292   05-11_20:58:37.3040   169
728   179.49039   05-11_20:58:38.2790   214
729   179.45404   05-11_20:58:39.3170   153
730   179.4959   05-11_20:58:40.2780   210
731   179.46922   05-11_20:58:41.2780   160
732   179.45766   05-11_20:58:42.2290   171
733   179.40518   05-11_20:58:43.1870   141
734   179.34741   05-11_20:58:44.1860   137
735   179.36055   05-11_20:58:45.2200   189
736   179.36142   05-11_20:58:46.2540   180
737   179.39078   05-11_20:58:47.2370   201
738   179.36992   05-11_20:58:48.2550   164
739   179.30988   05-11_20:58:49.2430   135
740   179.29054   05-11_20:58:50.2110   165
741   179.278   05-11_20:58:51.1970   170
742   179.31671   05-11_20:58:52.1820   208
743   179.30417   05-11_20:58:53.1940   170
744   179.2957   05-11_20:58:54.1850   173
745   179.28725   05-11_20:58:55.1880   173
746   179.27748   05-11_20:58:56.1720   172
747   179.2838   05-11_20:58:57.1990   184
748   179.39038   05-11_20:58:58.2090   259
749   179.38585   05-11_20:58:59.2740   176
750   179.43466   05-11_20:59:00.2880   216
751   179.47537   05-11_20:59:01.7010   210
752   179.47606   05-11_20:59:02.7870   180
753   179.498   05-11_20:59:03.8260   196
754   179.52917   05-11_20:59:04.8890   203
755   179.55762   05-11_20:59:05.9380   201
756   179.61905   05-11_20:59:06.9920   226
757   179.6354   05-11_20:59:08.0800   192
758   179.70317   05-11_20:59:09.1260   231
759   179.73914   05-11_20:59:10.1940   207
760   179.77368   05-11_20:59:11.2250   206
761   179.83836   05-11_20:59:12.2980   229
762   179.9029   05-11_20:59:13.3890   229
763   179.94888   05-11_20:59:14.4760   215
764   179.99477   05-11_20:59:15.6150   215
765   180.00131   05-11_20:59:16.7020   185
766   179.9765   05-11_20:59:17.6940   161
767   180.01956   05-11_20:59:18.6720   213
768   180.07292   05-11_20:59:19.7060   221
769   180.04422   05-11_20:59:20.7520   158
770   180.05844   05-11_20:59:21.7110   191
771   180.12062   05-11_20:59:22.7230   228
772   180.22409   05-11_20:59:23.7640   260
773   180.18887   05-11_20:59:24.8310   153
774   180.16667   05-11_20:59:25.7750   163
775   180.16258   05-11_20:59:26.7600   177
776   180.2268   05-11_20:59:27.7760   230
777   180.24454   05-11_20:59:28.8710   194
778   180.23137   05-11_20:59:29.8870   170
779   180.29012   05-11_20:59:30.8730   226
780   180.26538   05-11_20:59:31.9380   161
781   180.3073   05-11_20:59:32.9060   213
782   180.29028   05-11_20:59:33.9280   167
783   180.29247   05-11_20:59:34.9180   182
784   180.30103   05-11_20:59:35.9270   187
785   180.33504   05-11_20:59:36.9910   207
786   180.30789   05-11_20:59:38.0540   159
787   180.3291   05-11_20:59:39.0300   197
788   180.32106   05-11_20:59:40.0910   174
789   180.33206   05-11_20:59:41.0950   189
790   180.31012   05-11_20:59:42.0990   163
791   180.31226   05-11_20:59:43.0740   182
792   180.30302   05-11_20:59:44.0880   173
793   180.31651   05-11_20:59:45.0890   191
794   180.32115   05-11_20:59:46.0790   184
795   180.39622   05-11_20:59:47.0830   240
796   180.40326   05-11_20:59:48.1400   186
797   180.47679   05-11_20:59:49.2430   239
798   180.4624   05-11_20:59:50.2890   169
799   180.4731   05-11_20:59:51.2560   189
800   180.44624   05-11_20:59:52.2470   159
801   180.43446   05-11_20:59:53.2020   171
802   180.45511   05-11_20:59:54.2040   197
803   180.45206   05-11_20:59:55.2480   178
804   180.49751   05-11_20:59:56.2550   217
805   180.52423   05-11_20:59:57.2910   202
806   180.57196   05-11_20:59:58.3490   219
807   180.5886   05-11_20:59:59.4000   194
808   180.55693   05-11_21:00:00.4140   155
809   180.53152   05-11_21:00:01.3780   160
810   180.52098   05-11_21:00:02.5910   172
811   180.52774   05-11_21:00:03.6310   186
812   180.53201   05-11_21:00:04.6280   184
813   180.5818   05-11_21:00:05.6400   221
814   180.58476   05-11_21:00:06.7080   183
815   180.54478   05-11_21:00:07.8640   148
816   180.54167   05-11_21:00:08.8570   178
817   180.53488   05-11_21:00:09.8500   175
818   180.58801   05-11_21:00:10.8460   224
819   180.57875   05-11_21:00:11.8880   173
820   180.58171   05-11_21:00:12.8750   183
821   180.581   05-11_21:00:13.8730   180
822   180.5961   05-11_21:00:14.9080   193
823   180.64763   05-11_21:00:15.9260   223
824   180.74515   05-11_21:00:16.9780   261
825   180.80121   05-11_21:00:18.0750   227
826   180.81355   05-11_21:00:19.1150   191
827   180.79686   05-11_21:00:20.1550   167
828   180.82126   05-11_21:00:21.1390   201
829   180.83836   05-11_21:00:22.1580   195
830   180.79156   05-11_21:00:23.1610   142
831   180.77016   05-11_21:00:24.1120   163
832   180.8041   05-11_21:00:25.0960   209
833   180.79112   05-11_21:00:26.1070   170
834   180.78897   05-11_21:00:27.0880   179
835   180.77126   05-11_21:00:28.1060   166
836   180.7524   05-11_21:00:29.1450   165
837   180.76105   05-11_21:00:30.1480   188
838   180.75299   05-11_21:00:31.2290   174
839   180.75328   05-11_21:00:32.2010   181
840   180.74881   05-11_21:00:33.2090   177
841   180.74078   05-11_21:00:34.2340   174
842   180.75891   05-11_21:00:35.2480   196
843   180.75682   05-11_21:00:36.2620   179
844   180.74644   05-11_21:00:37.2610   172
845   180.7207   05-11_21:00:38.2420   159
846   180.70921   05-11_21:00:39.2310   171
847   180.65526   05-11_21:00:40.2110   135
848   180.66156   05-11_21:00:41.1710   186
849   180.64075   05-11_21:00:42.1880   163
850   180.62823   05-11_21:00:43.1610   170
851   180.62163   05-11_21:00:44.1530   175
852   180.62558   05-11_21:00:45.1510   184
853   180.61899   05-11_21:00:46.1530   175
854   180.58899   05-11_21:00:47.1520   155
855   180.61287   05-11_21:00:48.1330   201
856   180.64487   05-11_21:00:49.1730   208
857   180.66978   05-11_21:00:50.2050   202
858   180.65617   05-11_21:00:51.2950   169
859   180.67288   05-11_21:00:52.3280   195
860   180.64536   05-11_21:00:53.3370   157
861   180.67479   05-11_21:00:54.2990   206
862   180.68329   05-11_21:00:55.3630   188
863   180.68597   05-11_21:00:56.3600   183
864   180.6794   05-11_21:00:57.3580   175
865   180.71793   05-11_21:00:58.3290   214
866   180.72748   05-11_21:00:59.3480   189
867   180.75664   05-11_21:01:00.3760   206
868   180.76038   05-11_21:01:01.4290   184
869   180.72728   05-11_21:01:02.4450   152
870   180.72644   05-11_21:01:03.4030   180
871   180.78874   05-11_21:01:04.4630   235
872   180.8234   05-11_21:01:05.5740   211
873   180.84421   05-11_21:01:06.6220   199
874   180.84554   05-11_21:01:07.6920   182
875   180.82857   05-11_21:01:08.6940   166
876   180.81621   05-11_21:01:09.6970   170
877   180.80388   05-11_21:01:10.6930   170
878   180.84169   05-11_21:01:11.6700   214
879   180.82707   05-11_21:01:12.7320   168
880   180.83636   05-11_21:01:13.7320   189
881   180.88876   05-11_21:01:14.7860   227
882   180.91043   05-11_21:01:15.8640   200
883   180.90373   05-11_21:01:16.9090   175
884   180.90724   05-11_21:01:17.9280   184
885   180.90848   05-11_21:01:18.9420   182
886   180.88148   05-11_21:01:19.9380   157
887   180.85118   05-11_21:01:20.9130   154
888   180.83109   05-11_21:01:21.8910   163
889   180.82115   05-11_21:01:22.8550   172
890   180.80225   05-11_21:01:23.8340   164
891   180.78787   05-11_21:01:24.8610   168
892   180.85089   05-11_21:01:25.8590   237
893   180.84883   05-11_21:01:26.9480   179
894   180.87808   05-11_21:01:27.9440   207
895   180.93408   05-11_21:01:28.9840   231
896   180.9576   05-11_21:01:30.0690   202
897   180.95653   05-11_21:01:31.0880   180
898   180.99443   05-11_21:01:32.1250   215
899   180.97108   05-11_21:01:33.1720   160
900   180.97   05-11_21:01:34.1470   180
901   180.9767   05-11_21:01:35.1510   187
902   180.96008   05-11_21:01:36.1480   166
903   180.95238   05-11_21:01:37.1310   174
904   180.95465   05-11_21:01:38.1090   183
905   180.94034   05-11_21:01:39.1180   168
906   180.98454   05-11_21:01:40.1190   221
907   181.01213   05-11_21:01:41.1950   206
908   181.03745   05-11_21:01:42.2090   204
909   181.07481   05-11_21:01:43.2580   215
910   181.06044   05-11_21:01:44.3040   168
911   181.07245   05-11_21:01:45.2790   192
912   181.13268   05-11_21:01:46.3290   236
913   181.1413   05-11_21:01:47.3800   189
914   181.1663   05-11_21:01:48.3890   204
915   181.19563   05-11_21:01:49.5620   208
916   181.19324   05-11_21:01:50.5740   179
917   181.22356   05-11_21:01:51.5850   209
918   181.22658   05-11_21:01:52.6650   184
919   181.21654   05-11_21:01:53.6700   172
920   181.18913   05-11_21:01:54.6620   156
921   181.20303   05-11_21:01:55.6160   194
922   181.1898   05-11_21:01:56.6190   169
923   181.17769   05-11_21:01:57.6010   170
924   181.19698   05-11_21:01:58.5830   199
925   181.18486   05-11_21:01:59.6090   170
926   181.17279   05-11_21:02:00.6030   170
927   181.13269   05-11_21:02:01.5570   144
928   181.13039   05-11_21:02:02.5000   179
929   181.155   05-11_21:02:03.5320   204
930   181.14085   05-11_21:02:04.5290   168
931   181.13104   05-11_21:02:05.4990   172
932   181.13626   05-11_21:02:06.5020   186
933   181.1222   05-11_21:02:07.5080   168
934   181.091   05-11_21:02:08.4810   152
935   181.07915   05-11_21:02:09.4470   170
936   181.12607   05-11_21:02:10.4140   225
937   181.10886   05-11_21:02:11.4230   165
938   181.08849   05-11_21:02:12.3880   162
939   181.10437   05-11_21:02:13.3660   196
940   181.07446   05-11_21:02:14.3930   153
941   181.04889   05-11_21:02:15.3580   157
942   181.02548   05-11_21:02:16.3810   159
943   181.03394   05-11_21:02:17.4070   189
944   181.06038   05-11_21:02:18.4210   206
945   181.03915   05-11_21:02:19.4580   161
946   181.02538   05-11_21:02:20.4310   168
947   181.00739   05-11_21:02:21.4380   164
948   180.98207   05-11_21:02:22.4140   157
949   180.97049   05-11_21:02:23.3990   170
950   180.94316   05-11_21:02:24.3810   155
951   180.92323   05-11_21:02:25.3460   162
952   180.94328   05-11_21:02:26.3350   200
953   180.99055   05-11_21:02:27.3810   226
954   181.04193   05-11_21:02:28.4410   230
955   181.02722   05-11_21:02:29.4640   167
956   181.04184   05-11_21:02:30.4470   195
957   181.32811   05-11_21:02:31.4400   455
958   181.31628   05-11_21:02:32.6990   170
959   181.34097   05-11_21:02:33.6900   205
960   181.375   05-11_21:02:34.7510   214
961   181.36212   05-11_21:02:35.7320   169
962   181.32848   05-11_21:02:36.7120   149
963   181.30322   05-11_21:02:37.6620   157
964   181.27594   05-11_21:02:38.6680   155
965   181.25803   05-11_21:02:39.6370   164
966   181.22672   05-11_21:02:40.6070   151
967   181.27507   05-11_21:02:41.5910   228
968   181.25414   05-11_21:02:42.6290   161
969   181.2611   05-11_21:02:43.6380   188
970   181.23608   05-11_21:02:44.6290   157
971   181.21112   05-11_21:02:45.5990   157
972   181.20062   05-11_21:02:46.5880   171
973   181.17677   05-11_21:02:47.5680   158
974   181.17557   05-11_21:02:48.5360   180
975   181.12616   05-11_21:02:49.5290   133
976   181.083   05-11_21:02:50.4150   139
977   181.06244   05-11_21:02:51.2960   161
978   181.0634   05-11_21:02:52.2590   182
979   181.0286   05-11_21:02:53.2640   147
980   181.0194   05-11_21:02:54.2430   172
981   181.1631   05-11_21:02:55.2170   322
982   181.14561   05-11_21:02:56.3480   164
983   181.13632   05-11_21:02:57.3140   172
984   181.12398   05-11_21:02:58.2840   169
985   181.10457   05-11_21:02:59.2510   162
986   181.07607   05-11_21:03:00.2170   153
987   181.08612   05-11_21:03:01.1660   191
988   181.04352   05-11_21:03:02.1850   139
989   181.01012   05-11_21:03:03.0990   148
990   180.96768   05-11_21:03:04.0710   139
991   180.97679   05-11_21:03:04.9870   190
992   180.9627   05-11_21:03:06.0000   167
993   180.95166   05-11_21:03:06.9680   170
994   180.9346   05-11_21:03:07.9470   164
995   180.90854   05-11_21:03:08.9220   155
996   180.93173   05-11_21:03:09.9240   204
997   180.96791   05-11_21:03:10.9360   217
998   180.92986   05-11_21:03:11.9560   143
999   180.91591   05-11_21:03:12.8500   167
1000   180.866   05-11_21:03:13.8430   131
1   148.0   05-11_21:07:21.3070   148
2   150.5   05-11_21:07:22.2100   153
3   157.66667   05-11_21:07:23.1220   172
4   159.0   05-11_21:07:24.0890   163
5   157.6   05-11_21:07:25.0540   152
6   157.0   05-11_21:07:26.0050   154
7   156.14285   05-11_21:07:26.9770   151
8   155.375   05-11_21:07:27.9210   150
9   153.66667   05-11_21:07:28.8680   140
10   154.7   05-11_21:07:29.7790   164
11   161.09091   05-11_21:07:30.7720   225
12   161.08333   05-11_21:07:31.8090   161
13   160.23077   05-11_21:07:32.8080   150
14   160.42857   05-11_21:07:33.7530   163
15   161.2   05-11_21:07:34.7060   172
16   159.5625   05-11_21:07:35.6930   135
17   161.17647   05-11_21:07:36.6190   187
18   161.72223   05-11_21:07:37.5970   171
19   162.10527   05-11_21:07:38.5620   169
20   163.85   05-11_21:07:39.5250   197
21   164.19048   05-11_21:07:40.5270   171
22   165.36363   05-11_21:07:41.5290   190
23   164.65218   05-11_21:07:42.5180   149
24   165.20833   05-11_21:07:43.4790   178
25   164.8   05-11_21:07:44.4960   155
26   165.84616   05-11_21:07:45.4600   192
27   165.55556   05-11_21:07:46.4590   158
28   165.07143   05-11_21:07:47.4510   152
29   165.44827   05-11_21:07:48.4120   176
30   165.7   05-11_21:07:49.4160   173
31   165.83871   05-11_21:07:50.3860   170
32   166.28125   05-11_21:07:51.4090   180
33   166.45454   05-11_21:07:52.3960   172
34   166.17647   05-11_21:07:53.3690   157
35   165.74286   05-11_21:07:54.4150   151
36   166.13889   05-11_21:07:55.3690   180
37   168.13513   05-11_21:07:56.4320   240
38   167.39473   05-11_21:07:57.5470   140
39   168.15384   05-11_21:07:58.4660   197
40   168.15   05-11_21:07:59.4480   168
41   168.0   05-11_21:08:00.3910   162
42   166.85715   05-11_21:08:01.2900   120
43   166.8372   05-11_21:08:02.2240   166
44   165.90909   05-11_21:08:03.1520   126
45   165.88889   05-11_21:08:04.0650   165
46   165.17392   05-11_21:08:05.0310   133
47   166.19148   05-11_21:08:05.9760   213
48   165.72917   05-11_21:08:07.0030   144
49   166.06122   05-11_21:08:07.9330   182
50   166.02   05-11_21:08:08.9400   164
51   167.23529   05-11_21:08:09.9170   228
52   167.3077   05-11_21:08:10.9280   171
53   167.5283   05-11_21:08:11.9120   179
54   168.18518   05-11_21:08:12.9130   203
55   169.2   05-11_21:08:13.9370   224
56   170.32143   05-11_21:08:15.0560   232
57   169.75438   05-11_21:08:16.1010   138
58   169.7069   05-11_21:08:17.0350   167
59   169.47458   05-11_21:08:18.0180   156
60   169.5   05-11_21:08:18.9830   171
61   169.7377   05-11_21:08:20.0090   184
62   169.91936   05-11_21:08:20.9920   181
63   170.4127   05-11_21:08:22.0140   201
64   170.15625   05-11_21:08:23.0510   154
65   170.21538   05-11_21:08:24.0280   174
66   169.87878   05-11_21:08:25.0090   148
67   169.86568   05-11_21:08:25.9600   169
68   170.30882   05-11_21:08:27.0690   200
69   170.55072   05-11_21:08:28.1000   187
70   170.57143   05-11_21:08:29.0990   172
71   171.22536   05-11_21:08:30.1100   217
72   171.65277   05-11_21:08:31.1880   202
73   171.54794   05-11_21:08:32.2000   164
74   171.7027   05-11_21:08:33.1780   183
75   171.68   05-11_21:08:34.2150   170
76   171.86842   05-11_21:08:35.2720   186
77   171.62338   05-11_21:08:36.3160   153
78   171.70512   05-11_21:08:37.2850   178
79   171.74684   05-11_21:08:38.2730   175
80   172.05   05-11_21:08:39.2330   196
81   172.22223   05-11_21:08:40.3040   186
82   172.2683   05-11_21:08:41.3230   176
83   172.59036   05-11_21:08:42.3120   199
84   173.2738   05-11_21:08:43.3190   230
85   173.18823   05-11_21:08:44.3760   166
86   173.19768   05-11_21:08:45.3510   174
87   173.29884   05-11_21:08:46.3710   182
88   174.18182   05-11_21:08:47.3580   251
89   174.2472   05-11_21:08:48.4220   180
90   174.42223   05-11_21:08:49.4140   190
91   174.9121   05-11_21:08:50.4480   219
92   175.06522   05-11_21:08:51.5110   189
93   175.4086   05-11_21:08:52.5250   207
94   175.37234   05-11_21:08:53.5220   172
95   175.66316   05-11_21:08:54.5570   203
96   176.57292   05-11_21:08:55.6020   263
97   176.56702   05-11_21:08:56.6500   176
98   176.65306   05-11_21:08:57.6480   185
99   176.84848   05-11_21:08:58.6380   196
100   176.81   05-11_21:08:59.6550   173
101   176.74257   05-11_21:09:00.6940   170
102   177.13725   05-11_21:09:01.6800   217
103   177.52428   05-11_21:09:02.7010   217
104   177.58653   05-11_21:09:03.6740   184
105   177.66667   05-11_21:09:04.6900   186
106   177.9151   05-11_21:09:05.7010   204
107   178.15887   05-11_21:09:06.7580   204
108   178.2963   05-11_21:09:07.7800   193
109   178.44954   05-11_21:09:08.8190   195
110   178.38182   05-11_21:09:09.8240   171
111   178.5045   05-11_21:09:10.7650   192
112   178.41072   05-11_21:09:11.7620   168
113   178.34514   05-11_21:09:12.8280   171
114   178.1228   05-11_21:09:13.8120   153
115   177.9739   05-11_21:09:14.7980   161
116   178.01724   05-11_21:09:15.7840   183
117   178.05983   05-11_21:09:16.8000   183
118   178.02542   05-11_21:09:17.8180   174
119   178.06723   05-11_21:09:18.8010   183
120   178.11667   05-11_21:09:19.7900   184
121   178.12396   05-11_21:09:20.7520   179
122   178.2377   05-11_21:09:21.7090   192
123   178.21138   05-11_21:09:22.7060   175
124   178.67741   05-11_21:09:23.7290   236
125   178.608   05-11_21:09:24.7570   170
126   178.55556   05-11_21:09:25.7800   172
127   178.30708   05-11_21:09:26.7760   147
128   178.51563   05-11_21:09:27.7480   205
129   178.70543   05-11_21:09:28.7830   203
130   178.53076   05-11_21:09:29.8100   156
131   178.35115   05-11_21:09:30.8250   155
132   178.03787   05-11_21:09:31.7580   137
133   178.0827   05-11_21:09:32.6410   184
134   178.10448   05-11_21:09:33.6000   181
135   178.01482   05-11_21:09:34.5940   166
136   177.97794   05-11_21:09:35.5690   173
137   177.85402   05-11_21:09:36.5480   161
138   177.89854   05-11_21:09:37.5140   184
139   177.74101   05-11_21:09:38.4980   156
140   177.79286   05-11_21:09:39.4480   185
141   177.9078   05-11_21:09:40.4220   194
142   177.92253   05-11_21:09:41.4360   180
143   177.72028   05-11_21:09:42.4130   149
144   177.72223   05-11_21:09:43.3820   178
145   177.86897   05-11_21:09:44.3520   199
146   177.87671   05-11_21:09:45.3530   179
147   177.7551   05-11_21:09:46.4890   160
148   178.06757   05-11_21:09:47.4890   224
149   178.01343   05-11_21:09:48.4910   170
150   177.92667   05-11_21:09:49.4480   165
151   177.8212   05-11_21:09:50.4210   162
152   177.92105   05-11_21:09:51.3930   193
153   177.82353   05-11_21:09:52.4280   163
154   177.5   05-11_21:09:53.4310   128
155   177.5613   05-11_21:09:54.3500   187
156   177.6218   05-11_21:09:55.3500   187
157   177.82802   05-11_21:09:56.3280   210
158   177.7152   05-11_21:09:57.3620   160
159   177.4151   05-11_21:09:58.3290   130
160   177.3125   05-11_21:09:59.2480   161
161   177.21118   05-11_21:10:00.2090   161
162   177.2716   05-11_21:10:01.2010   187
163   177.26381   05-11_21:10:02.2220   176
164   177.04268   05-11_21:10:03.2150   141
165   176.92728   05-11_21:10:04.1540   158
166   177.05421   05-11_21:10:05.1250   198
167   176.96407   05-11_21:10:06.1150   162
168   176.8988   05-11_21:10:07.0950   166
169   177.09468   05-11_21:10:08.0560   210
170   176.95882   05-11_21:10:09.0150   154
171   176.77193   05-11_21:10:10.0390   145
172   176.68024   05-11_21:10:11.0090   161
173   176.6474   05-11_21:10:11.9870   171
174   176.66092   05-11_21:10:12.9380   179
175   176.65715   05-11_21:10:13.9080   176
176   176.67613   05-11_21:10:14.8940   180
177   176.70056   05-11_21:10:15.8870   181
178   176.8764   05-11_21:10:16.8770   208
179   177.03352   05-11_21:10:17.9260   205
180   176.92778   05-11_21:10:18.9300   158
181   176.90608   05-11_21:10:19.8880   173
182   176.84065   05-11_21:10:20.8180   165
183   176.71039   05-11_21:10:21.7830   153
184   176.51631   05-11_21:10:22.8080   141
185   176.54594   05-11_21:10:23.7240   182
186   176.45699   05-11_21:10:24.7090   160
187   176.69519   05-11_21:10:25.6780   221
188   176.62766   05-11_21:10:26.7210   164
189   178.77249   05-11_21:10:27.6910   582
190   178.76842   05-11_21:10:29.0980   178
191   178.7801   05-11_21:10:30.0830   181
192   178.83855   05-11_21:10:31.0770   190
193   178.74611   05-11_21:10:32.1590   161
194   178.74742   05-11_21:10:33.1480   179
195   178.82051   05-11_21:10:34.1280   193
196   178.7704   05-11_21:10:35.1450   169
197   178.73604   05-11_21:10:36.1170   172
198   178.57576   05-11_21:10:37.0510   147
199   178.54271   05-11_21:10:38.0600   172
200   178.62   05-11_21:10:39.0350   194
201   178.58209   05-11_21:10:40.2260   171
202   178.92574   05-11_21:10:41.2650   248
203   178.91626   05-11_21:10:42.3280   177
204   178.82353   05-11_21:10:43.2940   160
205   178.79512   05-11_21:10:44.2600   173
206   178.83981   05-11_21:10:45.2200   188
207   178.87439   05-11_21:10:46.2040   186
208   178.72597   05-11_21:10:47.1810   148
209   178.80383   05-11_21:10:48.1280   195
210   178.81905   05-11_21:10:49.1410   182
211   178.7109   05-11_21:10:50.1390   156
212   178.82076   05-11_21:10:51.0540   202
213   179.05164   05-11_21:10:52.0480   228
214   178.88318   05-11_21:10:53.0790   143
215   178.76279   05-11_21:10:53.9850   153
216   178.77315   05-11_21:10:54.9420   181
217   178.95392   05-11_21:10:55.9250   218
218   178.91284   05-11_21:10:56.9610   170
219   179.01826   05-11_21:10:57.9260   202
220   179.20454   05-11_21:10:58.9400   220
221   179.27602   05-11_21:10:59.9650   195
222   179.2027   05-11_21:11:00.9800   163
223   179.33632   05-11_21:11:02.0100   209
224   179.30357   05-11_21:11:03.0570   172
225   179.62222   05-11_21:11:04.0940   251
226   179.57965   05-11_21:11:05.1640   170
227   179.93832   05-11_21:11:06.1630   261
228   179.88597   05-11_21:11:07.2970   168
229   180.12227   05-11_21:11:08.2810   234
230   180.01305   05-11_21:11:09.3330   155
231   179.92207   05-11_21:11:10.2860   159
232   179.91379   05-11_21:11:11.2610   178
233   179.97424   05-11_21:11:12.2510   194
234   179.97864   05-11_21:11:13.2310   181
235   179.89362   05-11_21:11:14.2220   160
236   179.80933   05-11_21:11:15.1200   160
237   179.7173   05-11_21:11:16.0700   158
238   179.89496   05-11_21:11:17.0120   222
239   179.90794   05-11_21:11:18.0340   183
240   180.175   05-11_21:11:19.0190   244
241   180.07054   05-11_21:11:20.0510   155
242   180.04959   05-11_21:11:20.9960   175
243   180.06996   05-11_21:11:21.9350   185
244   180.13524   05-11_21:11:22.9430   196
245   180.18367   05-11_21:11:23.9500   192
246   180.23984   05-11_21:11:24.9600   194
247   180.08907   05-11_21:11:25.9680   143
248   180.12097   05-11_21:11:26.9590   188
249   180.18073   05-11_21:11:27.9170   195
250   180.276   05-11_21:11:28.9090   204
251   180.22311   05-11_21:11:29.9300   167
252   180.18651   05-11_21:11:30.9750   171
253   180.16205   05-11_21:11:31.9860   174
254   180.06299   05-11_21:11:33.0290   155
255   180.12157   05-11_21:11:34.0320   195
256   180.17188   05-11_21:11:35.0330   193
257   180.14397   05-11_21:11:36.0450   173
258   180.3527   05-11_21:11:37.0240   234
259   180.46332   05-11_21:11:38.0520   209
260   180.38846   05-11_21:11:39.0590   161
261   180.341   05-11_21:11:40.0390   168
262   180.29007   05-11_21:11:40.9950   167
263   180.25475   05-11_21:11:41.9960   171
264   180.20076   05-11_21:11:42.9850   166
265   180.20755   05-11_21:11:43.9550   182
266   180.14285   05-11_21:11:44.9580   163
267   180.00749   05-11_21:11:45.9350   144
268   180.07089   05-11_21:11:46.8670   197
269   180.00372   05-11_21:11:47.9270   162
270   180.05556   05-11_21:11:48.8830   194
271   180.01106   05-11_21:11:49.8980   168
272   179.98529   05-11_21:11:50.8740   173
273   180.05861   05-11_21:11:51.8390   200
274   179.9562   05-11_21:11:52.8170   152
275   179.90909   05-11_21:11:53.7720   167
276   179.99638   05-11_21:11:54.7290   204
277   179.9639   05-11_21:11:55.7420   171
278   180.03238   05-11_21:11:56.7030   199
279   180.02867   05-11_21:11:57.7480   179
280   179.975   05-11_21:11:58.7290   165
281   179.86833   05-11_21:11:59.7380   150
282   179.80142   05-11_21:12:00.7330   161
283   179.76678   05-11_21:12:01.7350   170
284   179.74295   05-11_21:12:02.6810   173
285   179.58246   05-11_21:12:03.6580   134
286   179.58392   05-11_21:12:04.6540   180
287   179.56795   05-11_21:12:05.6660   175
288   179.62848   05-11_21:12:06.6670   197
289   179.65744   05-11_21:12:07.7260   188
290   179.61035   05-11_21:12:08.7240   166
291   179.62886   05-11_21:12:09.6680   185
292   179.60274   05-11_21:12:10.6550   172
293   179.50513   05-11_21:12:11.6490   151
294   179.41496   05-11_21:12:12.6010   153
295   179.45424   05-11_21:12:13.5560   191
296   179.49663   05-11_21:12:14.5630   192
297   179.54883   05-11_21:12:15.5970   195
298   179.63759   05-11_21:12:16.5980   206
299   179.68562   05-11_21:12:17.5970   194
300   179.71666   05-11_21:12:18.5990   189
301   179.69102   05-11_21:12:19.7880   172
302   179.66225   05-11_21:12:20.8350   171
303   179.57095   05-11_21:12:21.8780   152
304   179.83553   05-11_21:12:22.8530   260
305   179.8918   05-11_21:12:23.9380   197
306   179.85294   05-11_21:12:24.9950   168
307   179.77524   05-11_21:12:25.9460   156
308   179.68831   05-11_21:12:26.9590   153
309   179.6699   05-11_21:12:27.9450   174
310   179.64839   05-11_21:12:28.9280   173
311   179.61737   05-11_21:12:29.9390   170
312   179.54488   05-11_21:12:30.9450   157
313   179.45686   05-11_21:12:32.0150   152
314   179.41083   05-11_21:12:33.0110   165
315   179.26349   05-11_21:12:33.9630   133
316   179.17722   05-11_21:12:34.9020   152
317   179.12619   05-11_21:12:35.8990   163
318   179.10378   05-11_21:12:36.8850   172
319   179.10345   05-11_21:12:37.8920   179
320   179.0625   05-11_21:12:38.9340   166
321   179.09657   05-11_21:12:39.9340   190
322   179.03105   05-11_21:12:40.9630   158
323   179.01547   05-11_21:12:41.9530   174
324   179.1142   05-11_21:12:42.9630   211
325   179.09846   05-11_21:12:43.9630   174
326   179.0184   05-11_21:12:44.8770   153
327   179.06422   05-11_21:12:45.8480   194
328   179.03354   05-11_21:12:46.8660   169
329   179.00304   05-11_21:12:47.8720   169
330   179.12424   05-11_21:12:48.8380   219
331   179.12689   05-11_21:12:49.8800   180
332   179.06325   05-11_21:12:50.8810   158
333   178.98799   05-11_21:12:51.8510   154
334   178.91019   05-11_21:12:52.8120   153
335   178.83582   05-11_21:12:53.7870   154
336   178.7619   05-11_21:12:54.7360   154
337   178.73888   05-11_21:12:55.7070   171
338   178.7781   05-11_21:12:56.7340   192
339   178.73746   05-11_21:12:57.7220   165
340   178.87646   05-11_21:12:58.7280   226
341   178.83871   05-11_21:12:59.8000   166
342   178.9386   05-11_21:13:00.7740   213
343   178.87463   05-11_21:13:01.8110   157
344   178.91861   05-11_21:13:02.8040   194
345   178.84637   05-11_21:13:03.8310   154
346   178.8844   05-11_21:13:04.7880   192
347   178.97983   05-11_21:13:05.8060   212
348   179.03735   05-11_21:13:06.8940   199
349   179.149   05-11_21:13:07.9380   218
350   179.14285   05-11_21:13:08.9820   177
351   179.4131   05-11_21:13:10.0260   274
352   179.50284   05-11_21:13:11.1590   211
353   179.55807   05-11_21:13:12.1730   199
354   179.5678   05-11_21:13:13.1920   183
355   179.58592   05-11_21:13:14.1930   186
356   179.61237   05-11_21:13:15.2110   189
357   179.57983   05-11_21:13:16.2060   168
358   179.57822   05-11_21:13:17.2270   179
359   179.60167   05-11_21:13:18.2200   188
360   179.48056   05-11_21:13:19.1710   136
361   179.39612   05-11_21:13:20.0470   149
362   179.33702   05-11_21:13:21.0300   158
363   179.30853   05-11_21:13:21.9850   169
364   179.32692   05-11_21:13:23.0970   186
365   179.33699   05-11_21:13:24.0800   183
366   179.36339   05-11_21:13:25.0830   189
367   179.31335   05-11_21:13:26.0910   161
368   179.27446   05-11_21:13:27.0980   165
369   179.22765   05-11_21:13:28.0660   162
370   179.27026   05-11_21:13:29.0290   195
371   179.21564   05-11_21:13:30.0080   159
372   179.54301   05-11_21:13:30.9870   301
373   179.73726   05-11_21:13:32.1420   252
374   179.72728   05-11_21:13:33.1730   176
375   179.712   05-11_21:13:34.1510   174
376   179.80852   05-11_21:13:35.1470   216
377   179.76657   05-11_21:13:36.2070   164
378   179.7328   05-11_21:13:37.2350   167
379   179.64908   05-11_21:13:38.2310   148
380   179.63158   05-11_21:13:39.1760   173
381   179.59055   05-11_21:13:40.1340   164
382   179.55498   05-11_21:13:41.1120   166
383   179.55092   05-11_21:13:42.0730   178
384   179.5625   05-11_21:13:43.0660   184
385   179.55844   05-11_21:13:44.0680   178
386   179.56735   05-11_21:13:45.0790   183
387   179.59949   05-11_21:13:46.0740   192
388   179.54639   05-11_21:13:47.0890   159
389   179.51414   05-11_21:13:48.0520   167
390   179.7   05-11_21:13:48.9750   252
391   179.6624   05-11_21:13:50.0140   165
392   179.66582   05-11_21:13:50.9940   181
393   179.63867   05-11_21:13:52.0370   169
394   179.6193   05-11_21:13:53.0290   172
395   179.7038   05-11_21:13:54.0120   213
396   179.64647   05-11_21:13:55.0530   157
397   179.61461   05-11_21:13:56.0010   167
398   179.53517   05-11_21:13:56.9790   148
399   179.4361   05-11_21:13:57.8990   140
400   179.4125   05-11_21:13:58.8720   170
401   179.44888   05-11_21:13:59.8280   194
402   179.34825   05-11_21:14:00.8130   139
403   179.3598   05-11_21:14:01.7830   184
404   179.3193   05-11_21:14:02.8900   163
405   179.25679   05-11_21:14:03.8630   154
406   179.16995   05-11_21:14:04.7930   144
407   179.13513   05-11_21:14:05.7480   165
408   179.09068   05-11_21:14:06.7190   161
409   179.1956   05-11_21:14:07.6600   222
410   179.2756   05-11_21:14:08.6600   212
411   179.45985   05-11_21:14:09.6810   255
412   179.34952   05-11_21:14:10.8090   134
413   179.36804   05-11_21:14:11.7200   187
414   179.51932   05-11_21:14:12.6890   242
415   179.53976   05-11_21:14:13.7190   188
416   179.46394   05-11_21:14:14.6970   148
417   179.3717   05-11_21:14:15.6160   141
418   179.42584   05-11_21:14:16.6240   202
419   179.73032   05-11_21:14:17.6350   307
420   179.67381   05-11_21:14:18.7650   156
421   179.86461   05-11_21:14:19.7280   260
422   179.8744   05-11_21:14:20.8290   184
423   180.11348   05-11_21:14:21.8690   281
424   180.16982   05-11_21:14:22.9770   204
425   180.15294   05-11_21:14:24.0000   173
426   180.1831   05-11_21:14:24.9820   193
427   180.34895   05-11_21:14:25.9910   251
428   180.35748   05-11_21:14:27.0750   184
429   180.2704   05-11_21:14:28.0520   143
430   180.25116   05-11_21:14:28.9980   172
431   180.51971   05-11_21:14:30.1410   296
432   180.49306   05-11_21:14:31.2580   169
433   180.60739   05-11_21:14:32.1740   230
434   180.56912   05-11_21:14:33.1910   164
435   180.62988   05-11_21:14:34.1670   207
436   180.59174   05-11_21:14:35.2170   164
437   180.57666   05-11_21:14:36.1650   174
438   180.5822   05-11_21:14:37.0990   183
439   180.48064   05-11_21:14:38.0250   136
440   180.38637   05-11_21:14:38.9260   139
441   180.38548   05-11_21:14:39.8240   180
442   180.31221   05-11_21:14:40.8090   148
443   180.36118   05-11_21:14:41.7480   202
444   180.31757   05-11_21:14:42.7450   161
445   180.26741   05-11_21:14:43.7530   158
446   180.40582   05-11_21:14:44.7370   242
447   180.29755   05-11_21:14:45.7720   132
448   180.46652   05-11_21:14:46.7040   256
449   180.42316   05-11_21:14:47.7380   161
450   180.37334   05-11_21:14:48.6620   158
451   180.31264   05-11_21:14:49.5860   153
452   180.24779   05-11_21:14:50.5080   151
453   180.12804   05-11_21:14:51.4260   126
454   180.0022   05-11_21:14:52.3020   123
455   179.94505   05-11_21:14:53.1830   154
456   180.1579   05-11_21:14:54.1030   277
457   180.06564   05-11_21:14:55.1340   138
458   179.98909   05-11_21:14:56.0270   145
459   179.91504   05-11_21:14:56.9350   146
460   179.81305   05-11_21:14:57.8520   133
461   179.77007   05-11_21:14:58.7750   160
462   179.74026   05-11_21:14:59.6890   166
463   179.73003   05-11_21:15:00.6110   175
464   179.64655   05-11_21:15:01.5380   141
465   179.57849   05-11_21:15:02.4360   148
466   179.52576   05-11_21:15:03.4140   155
467   179.47751   05-11_21:15:04.3430   157
468   179.48932   05-11_21:15:05.2670   185
469   179.37526   05-11_21:15:06.1940   126
470   179.4766   05-11_21:15:07.0690   227
471   179.41614   05-11_21:15:08.0670   151
472   179.3517   05-11_21:15:08.9680   149
473   179.3129   05-11_21:15:09.8640   161
474   179.37764   05-11_21:15:10.8230   210
475   179.29895   05-11_21:15:11.8130   142
476   179.28362   05-11_21:15:12.7260   172
477   179.19707   05-11_21:15:13.6470   138
478   179.11925   05-11_21:15:14.5360   142
479   179.11482   05-11_21:15:15.4340   177
480   179.0375   05-11_21:15:16.3560   142
481   179.05405   05-11_21:15:17.2620   187
482   178.98132   05-11_21:15:18.2100   144
483   178.90475   05-11_21:15:19.1190   142
484   178.95868   05-11_21:15:20.0370   205
485   178.87422   05-11_21:15:21.0010   138
486   178.81688   05-11_21:15:21.9230   151
487   178.71458   05-11_21:15:22.8590   129
488   178.6455   05-11_21:15:23.7440   145
489   178.54805   05-11_21:15:24.6500   131
490   178.46327   05-11_21:15:25.5780   137
491   178.39919   05-11_21:15:26.5040   147
492   178.3943   05-11_21:15:27.4200   176
493   178.49493   05-11_21:15:28.3460   228
494   178.50404   05-11_21:15:29.3960   183
495   178.45859   05-11_21:15:30.3480   156
496   178.37097   05-11_21:15:31.2610   135
497   178.39638   05-11_21:15:32.1610   191
498   178.66064   05-11_21:15:33.1700   310
499   178.55711   05-11_21:15:34.2320   127
500   178.68   05-11_21:15:35.1700   240
501   178.59282   05-11_21:15:36.2120   135
502   178.5478   05-11_21:15:37.1470   156
503   178.50696   05-11_21:15:38.0780   158
504   178.5238   05-11_21:15:38.9980   187
505   178.46336   05-11_21:15:39.9570   148
506   178.41107   05-11_21:15:40.8800   152
507   178.34517   05-11_21:15:41.7850   145
508   178.23622   05-11_21:15:42.6840   123
509   178.21217   05-11_21:15:43.5690   166
510   178.20981   05-11_21:15:44.4980   177
511   178.17026   05-11_21:15:45.5640   158
512   178.11328   05-11_21:15:46.4690   149
513   178.03899   05-11_21:15:47.3850   140
514   177.99611   05-11_21:15:48.2810   156
515   177.94563   05-11_21:15:49.1840   152
516   177.89342   05-11_21:15:50.1120   151
517   177.83946   05-11_21:15:51.0110   150
518   177.76834   05-11_21:15:51.9160   141
519   177.68787   05-11_21:15:52.8410   136
520   177.63461   05-11_21:15:53.7890   150
521   177.5931   05-11_21:15:54.6910   156
522   177.54024   05-11_21:15:55.6320   150
523   177.43977   05-11_21:15:56.5380   125
524   177.40266   05-11_21:15:57.4270   158
525   177.38286   05-11_21:15:58.3530   167
526   177.69962   05-11_21:15:59.3190   344
527   177.66603   05-11_21:16:00.4090   160
528   177.60417   05-11_21:16:01.3660   145
529   177.76749   05-11_21:16:02.2990   264
530   177.73586   05-11_21:16:03.3410   161
531   177.6629   05-11_21:16:04.2500   139
532   177.6015   05-11_21:16:05.1330   145
533   177.53096   05-11_21:16:06.0520   140
534   177.47752   05-11_21:16:06.9530   149
535   177.45047   05-11_21:16:07.8680   163
536   177.38246   05-11_21:16:08.8070   141
537   177.2961   05-11_21:16:09.7170   131
538   177.2119   05-11_21:16:10.6010   132
539   177.09833   05-11_21:16:11.4620   116
540   177.05185   05-11_21:16:12.3310   152
541   176.9889   05-11_21:16:13.2390   143
542   177.00185   05-11_21:16:14.1470   184
543   176.94292   05-11_21:16:15.1070   145
544   176.91176   05-11_21:16:16.0220   160
545   176.84587   05-11_21:16:17.0430   141
546   177.18864   05-11_21:16:17.9630   364
547   177.1426   05-11_21:16:19.1320   152
548   177.073   05-11_21:16:20.0410   139
549   177.0674   05-11_21:16:20.9690   174
550   177.00182   05-11_21:16:21.9180   141
551   176.92921   05-11_21:16:22.8120   137
552   176.86232   05-11_21:16:23.7150   140
553   176.89873   05-11_21:16:24.6160   197
554   176.82852   05-11_21:16:25.5760   138
555   176.77116   05-11_21:16:26.4650   145
556   176.68706   05-11_21:16:27.3680   130
557   176.97845   05-11_21:16:28.2550   339
558   176.97133   05-11_21:16:29.3660   173
559   176.93202   05-11_21:16:30.3900   155
560   176.87679   05-11_21:16:31.2980   146
561   176.82175   05-11_21:16:32.2130   146
562   176.75446   05-11_21:16:33.1310   139
563   176.69449   05-11_21:16:34.0440   143
564   176.62943   05-11_21:16:34.9420   140
565   176.62125   05-11_21:16:35.8430   172
566   176.5742   05-11_21:16:36.8260   150
567   176.65256   05-11_21:16:37.7300   221
568   176.58803   05-11_21:16:38.7230   140
569   176.55536   05-11_21:16:39.6840   158
570   176.48596   05-11_21:16:40.5930   137
571   176.43433   05-11_21:16:41.4830   147
572   176.37413   05-11_21:16:42.4000   142
573   176.37697   05-11_21:16:43.3150   178
574   176.3641   05-11_21:16:44.2460   169
575   176.46956   05-11_21:16:45.2030   237
576   176.42535   05-11_21:16:46.2340   151
577   176.38301   05-11_21:16:47.1440   152
578   176.35121   05-11_21:16:48.0760   158
579   176.34715   05-11_21:16:49.0350   174
580   176.3069   05-11_21:16:49.9840   153
581   176.22375   05-11_21:16:50.8750   128
582   176.16322   05-11_21:16:51.7650   141
583   176.09776   05-11_21:16:52.6660   138
584   176.11473   05-11_21:16:53.5570   186
585   176.12137   05-11_21:16:54.5060   180
586   176.09386   05-11_21:16:55.4520   160
587   176.07666   05-11_21:16:56.3660   166
588   176.08844   05-11_21:16:57.3700   183
589   176.05942   05-11_21:16:58.3110   159
590   176.01695   05-11_21:16:59.2550   151
591   175.94923   05-11_21:17:00.1680   136
592   175.89359   05-11_21:17:01.0690   143
593   175.84486   05-11_21:17:01.9770   147
594   175.82828   05-11_21:17:02.9560   166
595   175.82689   05-11_21:17:03.8970   175
596   175.89764   05-11_21:17:04.8560   218
597   175.93132   05-11_21:17:05.8520   196
598   175.91638   05-11_21:17:06.8640   167
599   175.91486   05-11_21:17:07.8030   175
600   175.99167   05-11_21:17:08.7700   222
601   175.94342   05-11_21:17:09.7480   147
602   175.94518   05-11_21:17:10.6800   177
603   175.90547   05-11_21:17:11.6670   152
604   175.86258   05-11_21:17:12.5910   150
605   175.8314   05-11_21:17:13.5000   157
606   175.81354   05-11_21:17:14.4260   165
607   175.72159   05-11_21:17:15.3450   120
608   175.67598   05-11_21:17:16.2270   148
609   175.64696   05-11_21:17:17.1500   158
610   175.58853   05-11_21:17:18.0580   140
611   175.54501   05-11_21:17:18.9680   149
612   175.54411   05-11_21:17:19.8750   175
613   175.49919   05-11_21:17:20.8360   148
614   175.43486   05-11_21:17:21.7120   136
615   175.36098   05-11_21:17:22.5630   130
616   175.2922   05-11_21:17:23.4500   133
617   175.24312   05-11_21:17:24.3330   145
618   175.21036   05-11_21:17:25.2820   155
619   175.17125   05-11_21:17:26.2090   151
620   175.15161   05-11_21:17:27.1240   163
621   175.09018   05-11_21:17:28.0450   137
622   175.05788   05-11_21:17:28.9410   155
623   175.01605   05-11_21:17:29.8580   149
624   174.97597   05-11_21:17:30.8150   150
625   174.9968   05-11_21:17:31.7260   188
626   175.07828   05-11_21:17:32.6850   226
627   175.07018   05-11_21:17:33.6960   170
628   175.00159   05-11_21:17:34.6240   132
629   174.94118   05-11_21:17:35.5420   137
630   175.00635   05-11_21:17:36.4500   216
631   174.95563   05-11_21:17:37.4200   143
632   174.93355   05-11_21:17:38.3230   161
633   174.88626   05-11_21:17:39.2740   145
634   174.87697   05-11_21:17:40.1840   169
635   174.8315   05-11_21:17:41.1170   146
636   174.80031   05-11_21:17:42.0290   155
637   174.7347   05-11_21:17:42.9400   133
638   174.69592   05-11_21:17:43.8690   150
639   174.72614   05-11_21:17:44.7920   194
640   174.72812   05-11_21:17:46.0600   176
641   174.67863   05-11_21:17:47.0140   143
642   174.64018   05-11_21:17:47.9140   150
643   174.58788   05-11_21:17:48.8350   141
644   174.52951   05-11_21:17:49.7740   137
645   174.51007   05-11_21:17:50.6710   162
646   174.4613   05-11_21:17:51.6260   143
647   174.62752   05-11_21:17:52.5580   282
648   174.69444   05-11_21:17:53.7140   218
649   174.65793   05-11_21:17:54.7240   151
650   174.63077   05-11_21:17:55.6460   157
651   174.5791   05-11_21:17:56.5690   141
652   174.5276   05-11_21:17:57.6960   141
653   174.59572   05-11_21:17:58.6150   219
654   174.55963   05-11_21:17:59.6220   151
655   174.54504   05-11_21:18:00.5200   165
656   174.66159   05-11_21:18:01.4480   251
657   174.60579   05-11_21:18:02.5160   138
658   174.59726   05-11_21:18:03.4230   169
659   174.52504   05-11_21:18:04.3540   127
660   174.47575   05-11_21:18:05.2640   142
661   174.53706   05-11_21:18:06.1810   215
662   174.50906   05-11_21:18:07.1660   156
663   174.4887   05-11_21:18:08.1270   161
664   174.45181   05-11_21:18:09.0860   150
665   174.45264   05-11_21:18:10.0040   175
666   174.45645   05-11_21:18:10.9750   177
667   174.76912   05-11_21:18:11.9500   383
668   174.73952   05-11_21:18:13.1910   155
669   174.69058   05-11_21:18:14.1410   142
670   174.70895   05-11_21:18:15.0570   187
671   174.6617   05-11_21:18:16.0040   143
672   174.60565   05-11_21:18:16.9180   137
673   174.59882   05-11_21:18:17.8840   170
674   174.58754   05-11_21:18:18.8440   167
675   174.57925   05-11_21:18:19.7810   169
676   174.64497   05-11_21:18:20.7380   219
677   174.62186   05-11_21:18:21.7430   159
678   174.57965   05-11_21:18:22.7000   146
679   174.54344   05-11_21:18:23.6010   150
680   174.5103   05-11_21:18:24.5620   152
681   174.46843   05-11_21:18:25.4830   146
682   174.43842   05-11_21:18:26.3760   154
683   174.38947   05-11_21:18:27.3100   141
684   174.4035   05-11_21:18:28.2010   184
685   174.34744   05-11_21:18:29.1680   136
686   174.31778   05-11_21:18:30.0660   154
687   174.27657   05-11_21:18:30.9990   146
688   174.2907   05-11_21:18:31.9180   184
689   174.30624   05-11_21:18:32.8780   185
690   174.26956   05-11_21:18:33.8160   149
691   174.23444   05-11_21:18:34.7820   150
692   174.21532   05-11_21:18:35.6920   161
693   174.13853   05-11_21:18:36.6130   121
694   174.09511   05-11_21:18:37.5020   144
695   174.17554   05-11_21:18:38.4320   230
696   174.20116   05-11_21:18:39.4260   192
697   174.18077   05-11_21:18:40.4180   160
698   174.12465   05-11_21:18:41.3320   135
699   174.06294   05-11_21:18:42.2230   131
700   174.01   05-11_21:18:43.1420   137
701   173.98003   05-11_21:18:44.0410   153
702   173.97151   05-11_21:18:44.9420   168
703   173.9303   05-11_21:18:45.8700   145
704   173.87358   05-11_21:18:46.8430   134
705   173.82837   05-11_21:18:47.7440   142
706   173.82295   05-11_21:18:48.6780   170
707   173.7652   05-11_21:18:49.6480   133
708   173.76836   05-11_21:18:50.5940   176
709   173.71227   05-11_21:18:51.5620   134
710   173.66338   05-11_21:18:52.4620   139
711   173.66245   05-11_21:18:53.3750   173
712   173.7472   05-11_21:18:54.3050   234
713   173.72931   05-11_21:18:55.3600   161
714   173.69467   05-11_21:18:56.3350   149
715   173.66434   05-11_21:18:57.2930   152
716   173.61732   05-11_21:18:58.2160   140
717   173.5788   05-11_21:18:59.1220   146
718   173.52368   05-11_21:19:00.0480   134
719   173.53685   05-11_21:19:00.9520   183
720   173.51111   05-11_21:19:01.9200   155
721   173.47989   05-11_21:19:02.8720   151
722   173.43074   05-11_21:19:03.8090   138
723   173.37206   05-11_21:19:04.7350   131
724   173.34807   05-11_21:19:05.6300   156
725   173.48413   05-11_21:19:06.5760   272
726   173.43526   05-11_21:19:07.6100   138
727   173.3934   05-11_21:19:08.5360   143
728   173.34065   05-11_21:19:09.4440   135
729   173.32373   05-11_21:19:10.3510   161
730   173.2822   05-11_21:19:11.3230   143
731   173.24487   05-11_21:19:12.2310   146
732   173.22678   05-11_21:19:13.1310   160
733   173.20055   05-11_21:19:14.0740   154
734   173.1744   05-11_21:19:14.9900   154
735   173.16599   05-11_21:19:15.9290   167
736   173.125   05-11_21:19:16.8730   143
737   173.07599   05-11_21:19:17.7810   137
738   173.0271   05-11_21:19:18.6660   137
739   172.9797   05-11_21:19:19.5360   138
740   173.03514   05-11_21:19:20.4200   214
741   172.9973   05-11_21:19:21.4150   145
742   172.97574   05-11_21:19:22.3210   157
743   172.96365   05-11_21:19:23.2600   164
744   172.92741   05-11_21:19:24.2250   146
745   172.91275   05-11_21:19:25.1350   162
746   172.88873   05-11_21:19:26.0960   155
747   172.87952   05-11_21:19:27.0120   166
748   172.88235   05-11_21:19:27.9560   175
749   172.83044   05-11_21:19:28.9150   134
750   172.84534   05-11_21:19:29.8190   184
751   172.86685   05-11_21:19:30.8070   189
752   172.98936   05-11_21:19:31.7780   265
753   172.94157   05-11_21:19:32.8600   137
754   172.89522   05-11_21:19:33.7610   138
755   172.84769   05-11_21:19:34.7030   137
756   172.84656   05-11_21:19:35.6420   172
757   172.81374   05-11_21:19:36.5850   148
758   172.76913   05-11_21:19:37.4940   139
759   172.73518   05-11_21:19:38.4060   147
760   172.68947   05-11_21:19:39.3930   138
761   172.66096   05-11_21:19:40.3090   151
762   172.62073   05-11_21:19:41.2180   142
763   172.66187   05-11_21:19:42.1730   204
764   172.62042   05-11_21:19:43.1420   141
765   172.5804   05-11_21:19:44.0640   142
766   172.5705   05-11_21:19:44.9890   165
767   172.66232   05-11_21:19:45.9180   243
768   172.63281   05-11_21:19:46.9550   150
769   172.60338   05-11_21:19:47.8950   150
770   172.57143   05-11_21:19:48.8290   148
771   172.76913   05-11_21:19:49.7740   325
772   172.74223   05-11_21:19:50.8800   152
773   172.74515   05-11_21:19:51.7940   175
774   172.71706   05-11_21:19:52.7320   151
775   172.6929   05-11_21:19:53.7010   154
776   172.67268   05-11_21:19:54.6110   157
777   172.66537   05-11_21:19:55.5360   167
778   172.65167   05-11_21:19:56.4630   162
779   172.63544   05-11_21:19:57.4210   160
780   172.5923   05-11_21:19:58.3740   139
781   172.55058   05-11_21:19:59.2770   140
782   172.5486   05-11_21:20:00.1940   171
783   172.50702   05-11_21:20:01.1520   140
784   172.50766   05-11_21:20:02.0680   173
785   172.46751   05-11_21:20:03.0210   141
786   172.43893   05-11_21:20:03.9550   150
787   172.3723   05-11_21:20:04.8790   120
788   172.32234   05-11_21:20:05.7520   133
789   172.28137   05-11_21:20:06.6610   140
790   172.24178   05-11_21:20:07.5610   141
791   172.20607   05-11_21:20:08.4790   144
792   172.18307   05-11_21:20:09.4040   154
793   172.14754   05-11_21:20:10.3080   144
794   172.10075   05-11_21:20:11.2120   135
795   172.1258   05-11_21:20:12.0970   192
796   172.08543   05-11_21:20:13.0500   140
797   172.04391   05-11_21:20:13.9690   139
798   172.02632   05-11_21:20:14.8690   158
799   171.98749   05-11_21:20:15.7890   141
800   172.1225   05-11_21:20:16.7070   280
801   172.09613   05-11_21:20:17.7350   151
802   172.05984   05-11_21:20:18.6470   143
803   172.05853   05-11_21:20:19.5480   171
804   172.06966   05-11_21:20:20.4760   181
805   172.07826   05-11_21:20:21.4220   179
806   172.04715   05-11_21:20:22.3700   147
807   172.00247   05-11_21:20:23.2840   136
808   171.94926   05-11_21:20:24.2030   129
809   171.9382   05-11_21:20:25.1060   163
810   171.9   05-11_21:20:26.1030   141
811   171.8767   05-11_21:20:26.9950   153
812   171.82759   05-11_21:20:27.8990   132
813   171.86716   05-11_21:20:28.7940   204
814   171.8575   05-11_21:20:29.7860   164
815   172.04172   05-11_21:20:30.7060   322
816   171.99878   05-11_21:20:31.7800   137
817   171.95593   05-11_21:20:32.6710   137
818   171.9621   05-11_21:20:33.5650   177
819   171.91698   05-11_21:20:34.5140   135
820   171.92928   05-11_21:20:35.4120   182
821   171.88916   05-11_21:20:36.3500   139
822   171.87105   05-11_21:20:37.2330   157
823   171.88821   05-11_21:20:38.1500   186
824   171.8847   05-11_21:20:39.0890   169
825   171.85213   05-11_21:20:40.0230   145
826   171.8402   05-11_21:20:40.9260   162
827   171.87183   05-11_21:20:41.8640   198
828   171.83453   05-11_21:20:42.8260   141
829   171.80579   05-11_21:20:43.7410   148
830   171.77109   05-11_21:20:44.6650   143
831   171.7521   05-11_21:20:45.5690   156
832   171.70192   05-11_21:20:46.5000   130
833   171.69028   05-11_21:20:47.3880   162
834   171.68945   05-11_21:20:48.3280   171
835   171.64192   05-11_21:20:49.2610   132
836   171.61005   05-11_21:20:50.1680   145
837   171.55914   05-11_21:20:51.2560   129
838   171.5382   05-11_21:20:52.1700   154
839   171.66031   05-11_21:20:53.1060   274
840   171.66667   05-11_21:20:54.2200   177
841   171.6314   05-11_21:20:55.1680   142
842   171.57007   05-11_21:20:56.0700   120
843   171.52669   05-11_21:20:56.9300   135
844   171.46327   05-11_21:20:57.8090   118
845   171.44142   05-11_21:20:58.7110   153
846   171.37708   05-11_21:20:59.6160   117
847   171.35892   05-11_21:21:00.5120   156
848   171.35141   05-11_21:21:01.4300   165
849   171.3357   05-11_21:21:02.3770   158
850   171.29411   05-11_21:21:03.3100   136
851   171.25499   05-11_21:21:04.2320   138
852   171.20657   05-11_21:21:05.1400   130
853   171.18523   05-11_21:21:06.0700   153
854   171.17682   05-11_21:21:07.0770   164
855   171.16959   05-11_21:21:08.0510   165
856   171.22197   05-11_21:21:09.0120   216
857   171.20653   05-11_21:21:10.0160   158
858   171.20512   05-11_21:21:10.9440   170
859   171.19907   05-11_21:21:11.9380   166
860   171.22675   05-11_21:21:12.8770   195
861   171.19048   05-11_21:21:13.8760   140
862   171.19026   05-11_21:21:14.7890   171
863   171.19235   05-11_21:21:15.7450   173
864   171.2257   05-11_21:21:16.7090   200
865   171.19537   05-11_21:21:17.7000   145
866   171.19977   05-11_21:21:18.6480   175
867   171.17877   05-11_21:21:19.6190   153
868   171.14516   05-11_21:21:20.5600   142
869   171.18872   05-11_21:21:21.4480   209
870   171.14482   05-11_21:21:22.4530   133
871   171.14008   05-11_21:21:23.3370   167
872   171.10435   05-11_21:21:24.2560   140
873   171.07216   05-11_21:21:25.1520   143
874   171.07552   05-11_21:21:26.0790   174
875   171.03772   05-11_21:21:27.0430   138
876   171.03311   05-11_21:21:28.0570   167
877   171.05132   05-11_21:21:28.9710   187
878   171.00911   05-11_21:21:29.9040   134
879   170.98749   05-11_21:21:30.7900   152
880   170.95682   05-11_21:21:31.6970   144
881   170.9092   05-11_21:21:32.5950   129
882   170.87189   05-11_21:21:33.4760   138
883   170.83012   05-11_21:21:34.3570   134
884   170.82353   05-11_21:21:35.2510   165
885   170.77966   05-11_21:21:36.1900   132
886   170.77313   05-11_21:21:37.0820   165
887   170.76324   05-11_21:21:38.0150   162
888   170.73874   05-11_21:21:38.9430   149
889   170.72665   05-11_21:21:39.8470   160
890   170.68988   05-11_21:21:40.7870   138
891   170.72615   05-11_21:21:41.7930   203
892   170.68723   05-11_21:21:42.7620   136
893   170.65398   05-11_21:21:43.7140   141
894   170.62305   05-11_21:21:44.6890   143
895   170.58212   05-11_21:21:45.6010   134
896   170.57031   05-11_21:21:46.5010   160
897   170.53847   05-11_21:21:47.4370   142
898   170.51894   05-11_21:21:48.3630   153
899   170.47386   05-11_21:21:49.3160   130
900   170.43889   05-11_21:21:50.2040   139
901   170.4506   05-11_21:21:51.1090   181
902   170.64967   05-11_21:21:53.8090   350
903   170.62347   05-11_21:21:55.9580   147
904   170.59735   05-11_21:21:56.8850   147
905   170.56464   05-11_21:21:59.1780   141
906   170.55077   05-11_21:22:00.0820   158
907   170.5215   05-11_21:22:01.0380   144
908   170.73128   05-11_21:22:01.9370   361
909   170.69307   05-11_21:22:03.0610   136
910   170.67143   05-11_21:22:03.9510   151
911   170.63338   05-11_21:22:04.8600   136
912   170.61952   05-11_21:22:05.7510   158
913   170.75356   05-11_21:22:06.7020   293
914   171.06892   05-11_21:22:08.1800   459
915   171.06339   05-11_21:22:09.4080   166
916   171.02292   05-11_21:22:10.5810   134
917   170.98146   05-11_21:22:11.4990   133
918   171.14597   05-11_21:22:12.3930   322
919   171.10881   05-11_21:22:13.4580   137
920   171.27391   05-11_21:22:14.3540   323
921   171.23996   05-11_21:22:15.4530   140
922   171.2039   05-11_21:22:16.3610   138
923   171.15817   05-11_21:22:17.2660   129
924   171.11363   05-11_21:22:18.1690   130
925   171.06812   05-11_21:22:19.0980   129
926   171.04752   05-11_21:22:20.0020   152
927   171.00432   05-11_21:22:20.9230   131
928   170.9957   05-11_21:22:21.8220   163
929   171.00323   05-11_21:22:22.7440   178
930   170.97205   05-11_21:22:23.6880   142
931   170.94952   05-11_21:22:24.5790   150
932   170.9088   05-11_21:22:25.4840   133
933   170.8778   05-11_21:22:26.4020   142
934   171.00642   05-11_21:22:27.2910   291
935   170.96791   05-11_21:22:28.4820   135
936   170.9423   05-11_21:22:29.3580   147
937   170.90822   05-11_21:22:30.2490   139
938   170.86354   05-11_21:22:31.1880   129
939   170.86049   05-11_21:22:32.0700   168
940   170.85213   05-11_21:22:32.9830   163
941   170.85228   05-11_21:22:33.8860   171
942   170.82378   05-11_21:22:34.8040   144
943   170.79745   05-11_21:22:35.6930   146
944   170.77118   05-11_21:22:36.6100   146
945   170.74391   05-11_21:22:37.5650   145
946   170.70613   05-11_21:22:38.5230   135
947   170.70328   05-11_21:22:39.4030   168
948   170.67299   05-11_21:22:40.3280   142
949   170.69757   05-11_21:22:41.2330   194
950   170.70631   05-11_21:22:42.1910   179
951   170.68034   05-11_21:22:43.1380   146
952   170.64915   05-11_21:22:44.0310   141
953   170.64638   05-11_21:22:44.9320   168
954   170.68134   05-11_21:22:45.8480   204
955   170.67644   05-11_21:22:46.8110   166
956   170.67365   05-11_21:22:47.7440   168
957   170.66249   05-11_21:22:48.6840   160
958   170.77245   05-11_21:22:49.6140   276
959   170.72888   05-11_21:22:50.6580   129
960   170.68541   05-11_21:22:51.5610   129
961   170.68471   05-11_21:22:52.4430   170
962   170.65073   05-11_21:22:53.3880   138
963   170.62929   05-11_21:22:54.3320   150
964   170.60269   05-11_21:22:55.2480   145
965   170.56166   05-11_21:22:56.1840   131
966   170.5383   05-11_21:22:57.0730   148
967   170.49431   05-11_21:22:57.9830   128
968   170.46591   05-11_21:22:58.8530   143
969   170.44789   05-11_21:22:59.7380   153
970   170.41547   05-11_21:23:00.6420   139
971   170.38414   05-11_21:23:01.5410   140
1   256.0   05-11_21:24:45.3780   256
2   219.5   05-11_21:24:46.4180   183
1   130.0   05-11_21:24:53.1700   130
2   206.5   05-11_21:24:54.0290   283
1   127.0   05-11_21:25:08.4460   127
2   134.0   05-11_21:25:09.3260   141
3   147.0   05-11_21:25:10.2820   173
4   147.0   05-11_21:25:11.2330   147
5   151.6   05-11_21:25:12.1600   170
6   148.5   05-11_21:25:13.0940   133
7   193.42857   05-11_21:25:13.9660   463
8   186.25   05-11_21:25:15.6030   136
9   329.33334   05-11_21:25:18.6930   1474
10   331.9   05-11_21:25:21.0930   355
11   341.18182   05-11_21:25:22.3690   434
12   339.5   05-11_21:25:23.7630   321
13   334.30768   05-11_21:25:24.9740   272
14   325.42856   05-11_21:25:26.1100   210
15   324.0   05-11_21:25:27.2000   304
16   319.8125   05-11_21:25:28.3220   257
1   145.0   05-11_21:26:16.5650   145
2   172.5   05-11_21:26:17.5820   200
3   229.33333   05-11_21:26:18.6950   343
4   227.0   05-11_21:26:19.9050   220
5   229.8   05-11_21:26:20.9720   241
6   231.66667   05-11_21:26:22.0510   241
7   235.71428   05-11_21:26:23.1480   260
8   232.5   05-11_21:26:24.3130   210
9   247.11111   05-11_21:26:25.3930   364
10   242.9   05-11_21:26:26.6340   205
11   267.0909   05-11_21:26:27.7220   509
12   262.5   05-11_21:26:29.0860   212
13   268.3846   05-11_21:26:30.2220   339
14   267.35715   05-11_21:26:31.4700   254
15   271.53333   05-11_21:26:32.5980   330
16   270.3125   05-11_21:26:33.8930   252
17   267.05884   05-11_21:26:35.0900   215
18   266.66666   05-11_21:26:36.2400   260
19   264.05264   05-11_21:26:37.3510   217
20   270.5   05-11_21:26:38.4440   393
21   271.38095   05-11_21:26:39.7000   289
22   274.45456   05-11_21:26:40.8540   339
23   276.52173   05-11_21:26:42.0380   322
24   281.33334   05-11_21:26:43.3010   392
25   278.56   05-11_21:26:44.6030   212
26   281.69232   05-11_21:26:45.7490   360
27   280.92593   05-11_21:26:47.0000   261
28   279.57144   05-11_21:26:48.0680   243
29   280.93103   05-11_21:26:49.1790   319
30   278.73334   05-11_21:26:50.4480   215
31   279.87097   05-11_21:26:51.5150   314
32   280.0   05-11_21:26:52.8720   284
33   277.39395   05-11_21:26:54.1490   194
34   275.0   05-11_21:26:55.2080   196
35   273.25714   05-11_21:26:56.2640   214
36   271.6111   05-11_21:26:57.2890   214
37   269.64865   05-11_21:26:58.3100   199
38   272.73685   05-11_21:26:59.3710   387
39   270.17947   05-11_21:27:00.5410   173
40   267.6   05-11_21:27:01.6400   167
41   265.34146   05-11_21:27:02.6260   175
42   263.35715   05-11_21:27:03.5970   182
43   261.25583   05-11_21:27:04.5930   173
44   259.5   05-11_21:27:05.5580   184
45   257.15555   05-11_21:27:06.5650   154
46   259.41306   05-11_21:27:07.5170   361
47   257.53192   05-11_21:27:08.6860   171
48   256.0625   05-11_21:27:09.6790   187
49   255.59184   05-11_21:27:10.6680   233
50   253.94   05-11_21:27:11.6750   173
51   252.70589   05-11_21:27:12.6770   191
52   251.38461   05-11_21:27:13.7040   184
53   249.96227   05-11_21:27:14.7160   176
54   248.5   05-11_21:27:15.6940   171
55   247.2   05-11_21:27:16.6790   177
56   245.94643   05-11_21:27:17.6440   177
57   245.0351   05-11_21:27:18.6530   194
58   243.96552   05-11_21:27:19.6760   183
59   243.11864   05-11_21:27:20.7560   194
60   241.78334   05-11_21:27:21.7380   163
61   240.36066   05-11_21:27:22.6890   155
62   239.32259   05-11_21:27:23.6670   176
63   237.7619   05-11_21:27:24.6020   141
64   237.65625   05-11_21:27:25.5570   231
65   238.35385   05-11_21:27:26.5900   283
66   239.25757   05-11_21:27:27.7020   298
67   239.7612   05-11_21:27:28.8130   273
68   238.57353   05-11_21:27:29.8650   159
69   237.84058   05-11_21:27:30.8240   188
70   236.82857   05-11_21:27:31.8510   167
71   235.73239   05-11_21:27:32.8700   159
72   234.77777   05-11_21:27:33.8600   167
73   233.863   05-11_21:27:34.8420   168
74   233.35135   05-11_21:27:35.8570   196
75   232.32   05-11_21:27:36.9030   156
76   231.61842   05-11_21:27:37.8360   179
77   230.93506   05-11_21:27:38.8090   179
78   230.32051   05-11_21:27:39.9160   183
79   229.87341   05-11_21:27:40.9920   195
80   229.7875   05-11_21:27:42.1430   223
81   230.5679   05-11_21:27:43.2530   293
82   229.47562   05-11_21:27:44.3790   141
83   228.78313   05-11_21:27:45.2910   172
84   228.20238   05-11_21:27:46.2980   180
1   161.0   05-11_21:28:27.4050   161
2   143.5   05-11_21:28:28.3370   126
3   137.0   05-11_21:28:29.2580   124
4   154.75   05-11_21:28:30.2340   208
5   157.6   05-11_21:28:31.2520   169
6   158.83333   05-11_21:28:32.2440   165
7   159.85715   05-11_21:28:33.2180   166
8   171.375   05-11_21:28:34.2090   252
9   176.33333   05-11_21:28:35.2700   216
10   182.2   05-11_21:28:36.2930   235
11   185.54546   05-11_21:28:37.3590   219
12   187.33333   05-11_21:28:38.3780   207
13   184.53847   05-11_21:28:39.3220   151
14   228.64285   05-11_21:28:40.2600   802
15   254.13333   05-11_21:28:42.8930   611
16   247.125   05-11_21:28:45.1780   142
17   240.52942   05-11_21:28:46.1080   135
18   238.27777   05-11_21:28:46.9940   200
19   235.63158   05-11_21:28:47.9310   188
20   230.8   05-11_21:28:48.8770   139
1   146.0   05-11_21:28:50.7610   146
2   146.0   05-11_21:28:51.6940   146
3   153.0   05-11_21:28:52.6360   167
4   160.5   05-11_21:28:53.6950   183
5   171.2   05-11_21:28:54.7890   214
6   173.33333   05-11_21:28:55.9080   184
7   173.71428   05-11_21:28:56.9620   176
8   173.5   05-11_21:28:58.0320   172
9   179.33333   05-11_21:28:59.1020   226
10   177.9   05-11_21:29:00.2630   165
11   189.36363   05-11_21:29:01.4180   304
12   186.58333   05-11_21:29:02.5840   156
13   188.46153   05-11_21:29:03.6180   211
14   188.5   05-11_21:29:04.8220   189
15   187.8   05-11_21:29:05.9530   178
16   186.8125   05-11_21:29:07.0470   172
17   186.88235   05-11_21:29:08.1300   188
18   186.0   05-11_21:29:09.2380   171
19   185.21053   05-11_21:29:10.3240   171
20   186.05   05-11_21:29:11.3880   202
21   188.2381   05-11_21:29:12.5020   232
22   186.77272   05-11_21:29:13.6370   156
23   185.78261   05-11_21:29:14.6780   164
24   187.33333   05-11_21:29:15.7570   223
25   186.52   05-11_21:29:16.9010   167
26   192.84616   05-11_21:29:18.0290   351
27   194.03703   05-11_21:29:19.2850   225
28   193.60715   05-11_21:29:20.3620   182
29   193.55173   05-11_21:29:21.3490   192
30   192.66667   05-11_21:29:22.3830   167
31   192.25807   05-11_21:29:23.3550   180
32   190.75   05-11_21:29:24.3380   144
33   189.51515   05-11_21:29:25.3000   150
34   189.23529   05-11_21:29:26.3020   180
35   189.22858   05-11_21:29:27.3750   189
36   188.94444   05-11_21:29:28.4690   179
37   189.16216   05-11_21:29:29.5390   197
38   189.47368   05-11_21:29:30.6310   201
39   189.0   05-11_21:29:31.7440   171
40   189.65   05-11_21:29:32.7910   215
41   191.70732   05-11_21:29:33.9210   274
42   192.64285   05-11_21:29:35.0780   231
43   192.0   05-11_21:29:36.2040   165
44   194.29546   05-11_21:29:37.2930   293
45   195.84445   05-11_21:29:38.5310   264
46   198.19565   05-11_21:29:39.7080   304
47   198.02127   05-11_21:29:40.9270   190
48   196.97917   05-11_21:29:42.0440   148
49   197.0   05-11_21:29:43.1080   198
50   196.3   05-11_21:29:44.2150   162
51   195.88235   05-11_21:29:45.3120   175
52   195.59616   05-11_21:29:46.3830   181
53   195.4717   05-11_21:29:47.4450   189
54   194.38889   05-11_21:29:48.5250   137
55   194.98181   05-11_21:29:49.6450   227
56   194.73215   05-11_21:29:50.8900   181
57   194.2807   05-11_21:29:51.9710   169
58   194.41379   05-11_21:29:53.0320   202
59   193.72882   05-11_21:29:54.1450   154
60   192.9   05-11_21:29:55.2190   144
61   192.86885   05-11_21:29:56.2010   191
62   191.91936   05-11_21:29:57.2480   134
63   192.25397   05-11_21:29:58.1970   213
