1   144.0   05-11_20:45:01.8750   144
2   138.0   05-11_20:45:02.7600   132
3   147.0   05-11_20:45:03.7100   165
4   145.0   05-11_20:45:04.6480   139
5   146.8   05-11_20:45:05.5570   154
6   142.83333   05-11_20:45:06.5250   123
7   143.28572   05-11_20:45:07.4210   146
8   142.5   05-11_20:45:08.3870   137
9   143.33333   05-11_20:45:09.3570   150
10   146.1   05-11_20:45:10.3130   171
11   146.63637   05-11_20:45:11.2730   152
12   150.0   05-11_20:45:12.2290   187
13   151.61539   05-11_20:45:13.2090   171
14   152.07143   05-11_20:45:14.1770   158
15   158.8   05-11_20:45:15.1600   253
16   158.6875   05-11_20:45:16.2210   157
17   160.35294   05-11_20:45:17.2180   187
18   159.94444   05-11_20:45:18.2250   153
19   160.0   05-11_20:45:19.1690   161
20   161.1   05-11_20:45:20.1680   182
21   161.28572   05-11_20:45:21.1640   165
22   160.04546   05-11_20:45:22.1590   134
23   159.69565   05-11_20:45:23.1200   152
24   159.41667   05-11_20:45:24.0660   153
25   159.48   05-11_20:45:25.0320   161
26   159.34616   05-11_20:45:25.9540   156
27   159.66667   05-11_20:45:26.8910   168
28   159.28572   05-11_20:45:28.0890   149
29   158.2069   05-11_20:45:29.0830   128
30   158.53334   05-11_20:45:30.0190   168
31   158.0   05-11_20:45:30.9560   142
32   157.84375   05-11_20:45:31.8410   153
33   156.84848   05-11_20:45:32.7330   125
34   156.55882   05-11_20:45:33.6690   147
35   156.77142   05-11_20:45:34.6200   164
36   156.83333   05-11_20:45:35.6180   159
37   156.97298   05-11_20:45:36.6100   162
38   157.57895   05-11_20:45:37.6070   180
39   156.8718   05-11_20:45:38.6470   130
40   157.2   05-11_20:45:39.6870   170
41   157.36586   05-11_20:45:40.6840   164
42   157.64285   05-11_20:45:41.6810   169
43   157.51163   05-11_20:45:42.6550   152
44   157.04546   05-11_20:45:43.6150   137
45   156.95555   05-11_20:45:44.6110   153
46   156.63043   05-11_20:45:45.6090   142
47   156.63829   05-11_20:45:46.5870   157
48   156.04167   05-11_20:45:47.5290   128
49   156.10204   05-11_20:45:48.4520   159
50   155.88   05-11_20:45:49.4170   145
51   156.2745   05-11_20:45:50.3380   176
52   155.73077   05-11_20:45:51.2990   128
53   155.4717   05-11_20:45:52.1640   142
54   155.16667   05-11_20:45:53.0490   139
55   155.29091   05-11_20:45:54.0100   162
56   155.55357   05-11_20:45:54.9720   170
57   155.6842   05-11_20:45:55.9490   163
58   155.7069   05-11_20:45:56.8530   157
59   155.69492   05-11_20:45:57.8280   155
60   155.3   05-11_20:45:58.7720   132
61   155.67213   05-11_20:45:59.6890   178
62   155.67741   05-11_20:46:00.6850   156
63   155.68254   05-11_20:46:01.6750   156
64   155.59375   05-11_20:46:02.6520   150
65   155.4   05-11_20:46:03.6210   143
66   155.39394   05-11_20:46:04.6030   155
67   155.14925   05-11_20:46:05.5180   139
68   155.01471   05-11_20:46:06.4030   146
69   155.33333   05-11_20:46:07.3560   177
70   155.48572   05-11_20:46:08.3650   166
71   155.76056   05-11_20:46:09.3310   175
72   156.45833   05-11_20:46:10.3180   206
73   156.34247   05-11_20:46:11.3090   148
74   155.83784   05-11_20:46:12.2630   119
75   156.02667   05-11_20:46:13.2030   170
76   156.11842   05-11_20:46:14.1730   163
77   156.09091   05-11_20:46:15.1730   154
78   155.91026   05-11_20:46:16.1780   142
79   155.64557   05-11_20:46:17.0920   135
80   155.6125   05-11_20:46:18.0170   153
81   155.30864   05-11_20:46:18.9710   131
82   155.60976   05-11_20:46:19.9140   180
83   155.55421   05-11_20:46:20.8650   151
84   155.2619   05-11_20:46:21.8150   131
85   155.38823   05-11_20:46:22.7460   166
86   155.37209   05-11_20:46:23.7070   154
87   154.96552   05-11_20:46:24.6970   120
88   155.04546   05-11_20:46:25.5810   162
89   155.2809   05-11_20:46:26.5840   176
90   155.24445   05-11_20:46:27.5490   152
91   155.28572   05-11_20:46:28.5170   159
92   155.44565   05-11_20:46:29.4970   170
93   155.43011   05-11_20:46:30.4880   154
94   155.41489   05-11_20:46:31.4730   154
95   155.5158   05-11_20:46:32.4760   165
96   155.54167   05-11_20:46:33.5030   158
97   155.59793   05-11_20:46:34.5150   161
98   155.63266   05-11_20:46:35.7240   159
99   155.79797   05-11_20:46:36.7240   172
100   155.88   05-11_20:46:37.7190   164
101   155.86139   05-11_20:46:38.6860   154
102   155.91176   05-11_20:46:39.6580   161
103   155.85437   05-11_20:46:40.6150   150
104   155.73077   05-11_20:46:41.5640   143
105   155.69524   05-11_20:46:42.5030   152
106   155.84906   05-11_20:46:43.4940   172
107   156.07477   05-11_20:46:44.4910   180
108   156.08333   05-11_20:46:45.5000   157
109   156.0734   05-11_20:46:46.4580   155
110   156.1   05-11_20:46:47.4480   159
111   156.0991   05-11_20:46:48.4030   156
112   156.20535   05-11_20:46:49.3690   168
113   156.22124   05-11_20:46:50.3550   158
114   156.05263   05-11_20:46:51.2940   137
115   156.9913   05-11_20:46:52.2390   264
116   156.89655   05-11_20:46:53.3130   146
117   156.94017   05-11_20:48:27.5960   162
118   156.99153   05-11_20:48:28.5540   163
119   156.94958   05-11_20:48:29.5470   152
120   157.05833   05-11_20:48:30.5200   170
121   157.06612   05-11_20:48:31.4740   158
122   156.93443   05-11_20:48:32.4720   141
123   156.72357   05-11_20:48:33.3890   131
124   156.70161   05-11_20:48:34.2970   154
125   156.872   05-11_20:48:35.2910   178
126   156.93651   05-11_20:48:36.2570   165
127   156.7874   05-11_20:48:37.2180   138
128   156.78125   05-11_20:48:38.1640   156
129   156.81395   05-11_20:48:39.1530   161
130   156.76154   05-11_20:48:40.1150   150
131   156.66412   05-11_20:48:41.0850   144
132   157.09091   05-11_20:48:42.0490   213
133   157.53383   05-11_20:48:43.0970   216
134   157.57463   05-11_20:48:44.1190   163
135   157.67407   05-11_20:48:45.1380   171
136   157.73529   05-11_20:48:46.1720   166
137   158.32846   05-11_20:48:47.1680   239
138   158.34782   05-11_20:48:48.2490   161
139   158.76259   05-11_20:48:49.2760   216
140   158.77856   05-11_20:48:50.3670   161
141   159.14894   05-11_20:48:51.3440   211
142   159.39436   05-11_20:48:52.3950   194
143   159.4056   05-11_20:48:53.4000   161
144   159.63194   05-11_20:48:54.3740   192
145   159.67586   05-11_20:48:55.3700   166
146   159.70547   05-11_20:48:56.3930   164
147   160.21768   05-11_20:48:57.4110   235
148   160.38513   05-11_20:48:58.4800   185
149   161.43625   05-11_20:48:59.4980   317
150   161.37334   05-11_20:49:00.6730   152
151   162.19867   05-11_20:49:01.8630   286
152   163.3092   05-11_20:49:03.0480   331
153   163.22223   05-11_20:49:04.2100   150
154   163.27922   05-11_20:49:05.1800   172
155   163.03226   05-11_20:49:06.1400   125
156   162.84616   05-11_20:49:07.0790   134
157   162.75797   05-11_20:49:07.9930   149
158   162.68355   05-11_20:49:08.9390   151
159   162.79874   05-11_20:49:09.8900   181
160   162.79375   05-11_20:49:10.9390   162
161   162.67702   05-11_20:49:11.9800   144
162   162.49382   05-11_20:49:13.1040   133
163   162.44171   05-11_20:49:14.0750   154
164   162.30487   05-11_20:49:15.1420   140
165   162.26666   05-11_20:49:16.0870   156
166   162.13855   05-11_20:49:17.0560   141
167   162.15569   05-11_20:49:18.0220   165
168   162.125   05-11_20:49:19.0180   157
169   162.19527   05-11_20:49:19.9940   174
170   162.01765   05-11_20:49:20.9870   132
171   162.08188   05-11_20:49:21.9840   173
172   161.98256   05-11_20:49:22.9760   145
173   161.82658   05-11_20:49:23.9210   135
174   161.62643   05-11_20:49:24.8060   127
175   161.54286   05-11_20:49:25.7540   147
176   161.65341   05-11_20:49:26.6670   181
177   161.80226   05-11_20:49:27.6590   188
178   161.75842   05-11_20:49:28.6600   154
179   161.73743   05-11_20:49:29.6450   158
180   161.75   05-11_20:49:30.6740   164
181   161.75139   05-11_20:49:31.6710   162
182   161.67033   05-11_20:49:32.6880   147
183   161.83606   05-11_20:49:33.6400   192
184   162.02718   05-11_20:49:34.6330   197
185   161.9892   05-11_20:49:35.6490   155
186   161.86559   05-11_20:49:36.5920   139
187   161.80214   05-11_20:49:37.5590   150
188   162.21808   05-11_20:49:38.5110   240
189   162.0   05-11_20:49:39.5760   121
190   162.0   05-11_20:49:40.4670   162
191   161.911   05-11_20:49:41.4390   145
192   161.92708   05-11_20:49:42.3960   165
193   161.9171   05-11_20:49:43.3850   160
194   161.93298   05-11_20:49:44.3580   165
195   162.0359   05-11_20:49:45.3270   182
196   162.0051   05-11_20:49:46.3130   156
197   161.95432   05-11_20:49:47.2730   152
198   162.10101   05-11_20:49:48.2460   191
199   162.05025   05-11_20:49:49.2920   152
200   162.0   05-11_20:49:50.2280   152
201   161.95523   05-11_20:49:51.2210   153
202   161.88614   05-11_20:49:52.1880   148
203   161.83743   05-11_20:49:53.1320   152
204   161.80392   05-11_20:49:54.0900   155
205   161.82927   05-11_20:49:55.0480   167
206   161.8932   05-11_20:49:56.0250   175
207   161.95169   05-11_20:49:57.0130   174
208   161.96634   05-11_20:49:57.9790   165
209   161.78947   05-11_20:49:58.9670   125
210   161.69524   05-11_20:49:59.8620   142
211   161.55923   05-11_20:50:00.8010   133
212   161.54716   05-11_20:50:01.7490   159
213   161.48827   05-11_20:50:02.7880   149
214   161.38785   05-11_20:50:03.7490   140
215   161.92093   05-11_20:50:04.6380   276
216   161.89352   05-11_20:50:05.7280   156
217   161.93549   05-11_20:50:06.6990   171
218   161.98624   05-11_20:50:07.6920   173
219   161.9863   05-11_20:50:08.6870   162
220   162.0591   05-11_20:50:09.6420   178
221   162.36652   05-11_20:50:10.6350   230
222   162.3964   05-11_20:50:11.6850   169
223   162.68161   05-11_20:50:12.6880   226
224   162.64732   05-11_20:50:13.8510   155
225   162.72   05-11_20:50:14.8310   179
226   162.93362   05-11_20:50:15.7980   211
227   163.11894   05-11_20:50:16.8150   205
228   163.1579   05-11_20:50:17.8680   172
229   163.20961   05-11_20:50:18.8410   175
230   163.1826   05-11_20:50:19.8420   157
231   163.25974   05-11_20:50:20.8230   181
232   163.30603   05-11_20:50:21.8290   174
233   163.3648   05-11_20:50:22.8190   177
234   163.38461   05-11_20:50:23.8090   168
235   163.37447   05-11_20:50:24.8400   161
236   163.47882   05-11_20:50:25.8420   188
237   163.65823   05-11_20:50:26.9190   206
238   163.7395   05-11_20:50:27.9610   183
239   163.71548   05-11_20:50:28.9490   158
240   163.78334   05-11_20:50:29.9390   180
241   163.80083   05-11_20:50:30.9230   168
242   163.80165   05-11_20:50:31.9250   164
243   163.81892   05-11_20:50:32.9200   168
244   163.85246   05-11_20:50:33.9010   172
245   164.0898   05-11_20:50:34.8460   222
246   164.20732   05-11_20:50:35.9660   193
247   164.36032   05-11_20:50:37.0120   202
248   164.25403   05-11_20:50:38.0190   138
249   164.22891   05-11_20:50:38.9150   158
250   164.292   05-11_20:50:39.9230   180
251   164.24303   05-11_20:50:40.9090   152
252   164.20238   05-11_20:50:41.8040   154
253   164.44269   05-11_20:50:42.7990   225
254   164.45276   05-11_20:50:43.8440   167
255   164.46666   05-11_20:50:44.8510   168
256   164.47266   05-11_20:50:45.8560   166
257   164.54086   05-11_20:50:46.8350   182
258   164.54263   05-11_20:50:47.8830   165
259   164.5444   05-11_20:50:48.8980   165
260   164.78462   05-11_20:50:49.9380   227
261   164.88506   05-11_20:50:50.9830   191
262   164.9084   05-11_20:50:52.0010   171
263   164.9962   05-11_20:50:52.9740   188
264   165.08713   05-11_20:50:53.9780   189
265   165.1132   05-11_20:50:54.9820   172
266   165.21805   05-11_20:50:55.9850   193
267   165.26591   05-11_20:50:57.0010   178
268   165.3694   05-11_20:50:58.0300   193
269   165.35687   05-11_20:50:59.0200   162
270   165.23334   05-11_20:50:59.9390   132
271   165.18819   05-11_20:51:00.8220   153
272   165.22426   05-11_20:51:01.8270   175
273   165.18315   05-11_20:51:02.8490   154
274   165.19344   05-11_20:51:03.8310   168
275   165.2291   05-11_20:51:04.7920   175
276   165.19928   05-11_20:51:05.7730   157
277   165.25632   05-11_20:51:06.7470   181
278   165.28058   05-11_20:51:07.7340   172
279   165.2258   05-11_20:51:08.6990   150
280   165.27142   05-11_20:51:09.7000   178
281   165.2242   05-11_20:51:10.7220   152
282   165.2624   05-11_20:51:11.7260   176
283   165.27208   05-11_20:51:12.7130   168
284   165.30281   05-11_20:51:13.6870   174
285   165.39648   05-11_20:51:14.7000   192
286   165.42657   05-11_20:51:15.7170   174
287   165.38676   05-11_20:51:16.7070   154
288   165.42361   05-11_20:51:17.6650   176
289   165.45674   05-11_20:51:18.6680   175
290   165.5   05-11_20:51:19.6510   178
291   165.55327   05-11_20:51:20.6490   181
292   165.59247   05-11_20:51:21.6440   177
293   165.68259   05-11_20:51:22.6180   192
294   165.72449   05-11_20:51:23.6200   178
295   165.69492   05-11_20:51:24.6160   157
296   165.67567   05-11_20:51:25.6110   160
297   165.79797   05-11_20:51:26.6330   202
298   165.70805   05-11_20:51:27.6390   139
299   165.71907   05-11_20:51:28.5430   169
300   165.78334   05-11_20:51:29.5190   185
301   165.84053   05-11_20:51:30.5050   183
302   165.82451   05-11_20:51:31.4930   161
303   165.85149   05-11_20:51:32.5010   174
304   165.92763   05-11_20:51:33.4970   189
305   165.99344   05-11_20:51:34.5090   186
306   166.11111   05-11_20:51:35.5130   202
307   166.1075   05-11_20:51:36.5240   165
308   166.10065   05-11_20:51:37.5050   164
309   166.09062   05-11_20:51:38.4720   163
310   166.07742   05-11_20:51:39.4540   162
311   166.09969   05-11_20:51:40.4200   173
312   166.19551   05-11_20:51:41.4170   196
313   166.23962   05-11_20:51:42.4410   180
314   166.26752   05-11_20:51:43.4690   175
315   166.6762   05-11_20:51:44.4440   295
316   166.74367   05-11_20:51:45.5970   188
317   166.78549   05-11_20:51:46.5970   180
318   166.7893   05-11_20:51:47.5980   168
319   166.78683   05-11_20:51:48.5820   166
320   166.86563   05-11_20:51:49.6090   192
321   167.05296   05-11_20:51:50.6720   227
322   167.04968   05-11_20:51:51.7040   166
323   166.96594   05-11_20:51:52.6870   140
324   167.01852   05-11_20:51:53.6180   184
325   167.00923   05-11_20:51:54.6110   164
326   167.02454   05-11_20:51:55.5880   172
327   166.9633   05-11_20:51:56.5750   147
328   166.88719   05-11_20:51:57.4720   142
329   166.80243   05-11_20:51:58.4210   139
330   166.82727   05-11_20:51:59.3800   175
331   166.73112   05-11_20:52:00.3150   135
332   166.6777   05-11_20:52:01.2590   149
333   166.6937   05-11_20:52:02.2080   172
334   166.73653   05-11_20:52:03.2210   181
335   166.7194   05-11_20:52:04.2280   161
336   167.00893   05-11_20:52:05.1820   264
337   166.97626   05-11_20:52:06.2910   156
338   167.02663   05-11_20:52:07.2610   184
339   167.0118   05-11_20:52:08.2790   162
340   167.00589   05-11_20:52:09.2440   165
341   167.00586   05-11_20:52:10.2290   167
342   166.98245   05-11_20:52:11.2280   159
343   166.91837   05-11_20:52:12.2620   145
344   166.95349   05-11_20:52:13.2290   179
345   166.94203   05-11_20:52:14.2440   163
346   166.93063   05-11_20:52:15.2680   163
347   166.8876   05-11_20:52:16.2520   152
348   166.89368   05-11_20:52:17.2090   169
349   166.8682   05-11_20:52:18.1710   158
350   166.88   05-11_20:52:19.1570   171
351   166.82906   05-11_20:52:20.1390   149
352   166.83238   05-11_20:52:21.3050   168
353   166.7932   05-11_20:52:22.2900   153
354   166.77684   05-11_20:52:23.2610   161
355   166.78592   05-11_20:52:24.2510   170
356   166.80057   05-11_20:52:25.2320   172
357   166.81512   05-11_20:52:26.2160   172
358   166.84077   05-11_20:52:27.1870   176
359   166.91643   05-11_20:52:28.1750   194
360   166.98889   05-11_20:52:29.1680   193
361   166.9363   05-11_20:52:30.1480   148
362   167.04144   05-11_20:52:31.1130   205
363   167.02754   05-11_20:52:32.1820   162
364   167.01923   05-11_20:52:33.1690   164
365   167.0137   05-11_20:52:34.1080   165
366   167.0847   05-11_20:52:35.0590   193
367   167.07085   05-11_20:52:36.0610   162
368   167.03804   05-11_20:52:37.0020   155
369   166.99187   05-11_20:52:37.9780   150
370   166.96216   05-11_20:52:38.9290   156
371   166.96497   05-11_20:52:39.8600   168
372   167.05376   05-11_20:52:40.8570   200
373   167.06702   05-11_20:52:41.8680   172
374   167.07486   05-11_20:52:42.8610   170
375   167.04533   05-11_20:52:43.8180   156
376   167.03458   05-11_20:52:44.7660   163
377   167.00797   05-11_20:52:45.7150   157
378   166.97884   05-11_20:52:46.6830   156
379   166.96306   05-11_20:52:47.6760   161
380   166.92369   05-11_20:52:48.6460   152
381   166.8924   05-11_20:52:49.6600   155
382   166.95026   05-11_20:52:50.5960   189
383   166.96083   05-11_20:52:51.6750   171
384   166.97395   05-11_20:52:52.6680   172
385   166.97144   05-11_20:52:53.6710   166
386   166.95596   05-11_20:52:54.6520   161
387   166.91473   05-11_20:52:55.6310   151
388   166.87114   05-11_20:52:56.6120   150
389   166.84062   05-11_20:52:57.5680   155
390   166.85129   05-11_20:52:58.5790   171
391   166.83376   05-11_20:52:59.5690   160
392   166.95918   05-11_20:53:00.4840   216
393   167.01527   05-11_20:53:01.4890   189
394   167.05838   05-11_20:53:02.5140   184
395   167.01772   05-11_20:53:03.4810   151
396   167.03535   05-11_20:53:04.4530   174
397   167.0403   05-11_20:53:05.4380   169
398   167.08292   05-11_20:53:06.4480   184
399   166.99248   05-11_20:53:07.4460   131
400   167.0225   05-11_20:53:08.3990   179
401   167.00998   05-11_20:53:09.4160   162
402   166.9602   05-11_20:53:10.3910   147
403   166.99008   05-11_20:53:11.3490   179
404   167.02971   05-11_20:53:12.3380   183
405   167.02716   05-11_20:53:13.3350   166
406   167.13792   05-11_20:53:14.3550   212
407   167.17937   05-11_20:53:15.3870   184
408   167.19363   05-11_20:53:16.4000   173
409   167.17604   05-11_20:53:17.4570   160
410   167.19269   05-11_20:53:18.4410   174
411   167.25548   05-11_20:53:19.4490   193
412   167.30339   05-11_20:53:20.5290   187
413   167.41405   05-11_20:53:21.5510   213
414   167.51932   05-11_20:53:22.6030   211
415   167.90361   05-11_20:53:23.6530   327
416   168.05528   05-11_20:53:24.8260   231
417   168.1223   05-11_20:53:25.9280   196
418   168.20096   05-11_20:53:26.9540   201
419   168.2673   05-11_20:53:27.9580   196
420   168.29524   05-11_20:53:29.2800   180
421   168.32541   05-11_20:53:30.2900   181
422   168.49052   05-11_20:53:31.2940   238
423   168.47281   05-11_20:53:32.3560   161
424   168.49292   05-11_20:53:33.3640   177
425   168.52   05-11_20:53:34.3640   180
426   168.48592   05-11_20:53:35.3550   154
427   168.47775   05-11_20:53:36.3260   165
428   168.53505   05-11_20:53:37.3230   193
429   168.6317   05-11_20:53:38.3670   210
430   168.63954   05-11_20:53:39.3890   172
431   168.68213   05-11_20:53:40.3970   187
432   168.70602   05-11_20:53:41.4300   179
433   168.68129   05-11_20:53:42.5460   158
434   168.69124   05-11_20:53:43.5780   173
435   168.7977   05-11_20:53:44.6180   215
436   168.90367   05-11_20:53:45.7000   215
437   168.9199   05-11_20:53:46.7560   176
438   168.95433   05-11_20:53:47.7510   184
439   168.97267   05-11_20:53:48.7850   177
440   168.94318   05-11_20:53:49.8140   156
441   168.96371   05-11_20:53:50.7970   178
442   169.03847   05-11_20:53:51.8190   202
443   169.04515   05-11_20:53:52.8480   172
444   169.13289   05-11_20:53:53.8690   208
445   169.22472   05-11_20:53:54.9410   210
446   169.25111   05-11_20:53:55.9710   181
447   170.17673   05-11_20:53:57.0050   583
448   170.22768   05-11_20:53:58.4080   193
449   170.34076   05-11_20:53:59.4270   221
450   170.36   05-11_20:54:00.4640   179
451   170.49223   05-11_20:54:01.5140   230
452   170.47124   05-11_20:54:02.5670   161
453   170.58499   05-11_20:54:03.5670   222
454   170.60573   05-11_20:54:04.7260   180
455   170.5912   05-11_20:54:05.7090   164
456   170.73027   05-11_20:54:06.6710   234
457   170.7221   05-11_20:54:07.7120   167
458   170.76201   05-11_20:54:08.7060   189
459   170.8061   05-11_20:54:09.7380   191
460   170.78261   05-11_20:54:10.7490   160
461   170.7397   05-11_20:54:11.7180   151
462   170.66234   05-11_20:54:12.6990   135
463   170.67819   05-11_20:54:13.6420   178
464   170.7457   05-11_20:54:14.6350   202
465   170.73549   05-11_20:54:15.6640   166
466   170.7575   05-11_20:54:16.6690   181
467   170.8394   05-11_20:54:17.7190   209
468   170.91881   05-11_20:54:18.8310   208
469   170.89125   05-11_20:54:19.8770   158
470   170.82341   05-11_20:54:20.8360   139
471   170.8344   05-11_20:54:21.7820   176
472   170.82628   05-11_20:54:22.7780   167
473   170.82875   05-11_20:54:23.7250   172
474   170.82489   05-11_20:54:24.7020   169
475   170.7621   05-11_20:54:25.7010   141
476   170.7584   05-11_20:54:26.6970   169
477   170.74214   05-11_20:54:27.6620   163
478   170.75941   05-11_20:54:28.5810   179
479   170.7286   05-11_20:54:29.5790   156
480   170.67084   05-11_20:54:30.5340   143
481   170.68192   05-11_20:54:31.4880   176
482   170.73651   05-11_20:54:32.4860   197
483   170.79295   05-11_20:54:33.4870   198
484   170.78926   05-11_20:54:34.5120   169
485   170.78145   05-11_20:54:35.4610   167
486   170.77777   05-11_20:54:36.4400   169
487   170.81314   05-11_20:54:37.4250   188
488   170.87704   05-11_20:54:38.4590   202
489   170.8773   05-11_20:54:39.5300   171
490   170.8449   05-11_20:54:40.5380   155
491   170.87169   05-11_20:54:41.5300   184
492   170.85773   05-11_20:54:42.5500   164
493   170.8499   05-11_20:54:43.5280   167
494   170.8077   05-11_20:54:44.5460   150
495   170.73738   05-11_20:54:45.5330   136
496   170.72783   05-11_20:54:46.5050   166
497   170.74446   05-11_20:54:47.5220   179
498   170.7249   05-11_20:54:48.5430   161
499   170.74548   05-11_20:54:49.5240   181
500   170.71   05-11_20:54:50.4690   153
501   170.66467   05-11_20:54:51.4640   148
502   170.62749   05-11_20:54:52.4900   152
503   170.7674   05-11_20:54:53.5660   241
504   170.8512   05-11_20:54:54.6630   213
505   170.86139   05-11_20:54:55.6880   176
506   170.86363   05-11_20:54:56.6610   172
507   170.84616   05-11_20:54:57.6380   162
508   170.82086   05-11_20:54:58.6070   158
509   170.80943   05-11_20:54:59.6060   165
510   170.79411   05-11_20:55:00.6330   163
511   170.81409   05-11_20:55:01.6220   181
512   170.93555   05-11_20:55:02.7140   233
513   170.91228   05-11_20:55:03.7550   159
514   170.97081   05-11_20:55:04.7580   201
515   171.15923   05-11_20:55:05.7660   268
516   171.17636   05-11_20:55:06.8500   180
517   171.2089   05-11_20:55:07.8380   188
518   171.2336   05-11_20:55:08.8270   184
519   171.23314   05-11_20:55:09.8060   171
520   171.23654   05-11_20:55:10.7890   173
521   171.25911   05-11_20:55:11.8160   183
522   171.2682   05-11_20:55:12.8110   176
523   171.30592   05-11_20:55:13.8480   191
524   171.32634   05-11_20:55:14.8380   182
525   171.32571   05-11_20:55:15.8390   171
526   171.28517   05-11_20:55:16.8380   150
527   171.28464   05-11_20:55:17.7780   171
528   171.25378   05-11_20:55:18.7940   155
529   171.24385   05-11_20:55:19.7850   166
530   171.21887   05-11_20:55:20.7800   158
531   171.25047   05-11_20:55:21.7590   188
532   171.23872   05-11_20:55:22.7620   165
533   171.20262   05-11_20:55:23.7310   152
534   171.34831   05-11_20:55:24.6990   249
535   171.31963   05-11_20:55:25.8760   156
536   171.2612   05-11_20:55:26.8610   140
537   171.26816   05-11_20:55:27.8400   175
538   171.26395   05-11_20:55:28.8730   169
539   171.2282   05-11_20:55:29.8650   152
540   171.19629   05-11_20:55:30.8050   154
541   171.20148   05-11_20:55:31.7640   174
542   171.20111   05-11_20:55:32.9410   171
543   171.18416   05-11_20:55:33.9410   162
544   171.15625   05-11_20:55:34.9260   156
545   171.1211   05-11_20:55:35.9110   152
546   171.0641   05-11_20:55:36.9240   140
547   171.0512   05-11_20:55:37.8600   164
548   171.00912   05-11_20:55:38.8200   148
549   171.01822   05-11_20:55:39.7610   176
550   170.99455   05-11_20:55:40.7090   158
551   170.95462   05-11_20:55:41.7010   149
552   170.9384   05-11_20:55:42.6310   162
553   170.94756   05-11_20:55:43.7460   176
554   170.98375   05-11_20:55:44.7540   191
555   171.04144   05-11_20:55:45.7770   203
556   171.11511   05-11_20:55:46.8090   212
557   171.14902   05-11_20:55:47.7980   190
558   171.17026   05-11_20:55:48.8150   183
559   171.19678   05-11_20:55:49.8190   186
560   171.15894   05-11_20:55:50.8040   150
561   171.14973   05-11_20:55:51.7840   166
562   171.1548   05-11_20:55:52.7490   174
563   171.11545   05-11_20:55:53.7510   149
564   171.10284   05-11_20:55:54.7250   164
565   171.14336   05-11_20:55:55.7210   194
566   171.13605   05-11_20:55:56.7190   167
567   171.17108   05-11_20:55:57.7260   191
568   171.1567   05-11_20:55:58.7500   163
569   171.1195   05-11_20:55:59.7610   150
570   171.05965   05-11_20:56:00.7250   137
571   171.03328   05-11_20:56:01.6780   156
572   171.00175   05-11_20:56:02.6710   153
573   171.04362   05-11_20:56:03.6710   195
574   171.03833   05-11_20:56:04.7320   168
575   171.0261   05-11_20:56:05.7160   164
576   171.04861   05-11_20:56:06.6980   184
577   171.12305   05-11_20:56:07.7180   214
578   171.109   05-11_20:56:08.7350   163
579   171.05008   05-11_20:56:09.6910   137
580   171.04138   05-11_20:56:10.6300   166
581   171.09294   05-11_20:56:11.6280   201
582   171.06529   05-11_20:56:12.6550   155
583   171.0789   05-11_20:56:13.6440   179
584   171.06679   05-11_20:56:14.6440   164
585   171.02905   05-11_20:56:15.6760   149
586   171.0239   05-11_20:56:16.6300   168
587   171.04599   05-11_20:56:17.6010   184
588   171.0238   05-11_20:56:18.5880   158
589   171.01698   05-11_20:56:19.5860   167
590   170.98474   05-11_20:56:20.5670   152
591   170.96785   05-11_20:56:21.5520   161
592   171.02702   05-11_20:56:22.5200   206
593   171.02193   05-11_20:56:23.5300   168
594   170.97137   05-11_20:56:24.5080   141
595   170.95798   05-11_20:56:25.4590   163
596   170.94295   05-11_20:56:26.4420   162
597   170.9196   05-11_20:56:27.4600   157
598   170.9331   05-11_20:56:28.4350   179
599   170.91486   05-11_20:56:29.4710   160
600   170.875   05-11_20:56:30.4690   147
601   170.82196   05-11_20:56:31.4540   139
602   170.93854   05-11_20:56:32.4220   241
603   170.99171   05-11_20:56:33.5110   203
604   170.95529   05-11_20:56:34.5950   149
605   170.93057   05-11_20:56:35.5550   156
606   170.86139   05-11_20:56:36.5270   129
607   170.84349   05-11_20:56:37.4650   160
608   170.88815   05-11_20:56:38.4310   198
609   170.88013   05-11_20:56:39.4750   166
610   170.81804   05-11_20:56:40.4330   133
611   170.73978   05-11_20:56:41.3160   123
612   170.72386   05-11_20:56:42.2130   161
613   170.76836   05-11_20:56:43.2120   198
614   170.77687   05-11_20:56:44.2630   176
615   171.01627   05-11_20:56:45.2620   318
616   171.02922   05-11_20:56:46.4100   179
617   171.01782   05-11_20:56:47.3920   164
618   170.98221   05-11_20:56:48.3620   149
619   170.93376   05-11_20:56:49.3280   141
620   170.94516   05-11_20:56:50.2690   178
621   170.91304   05-11_20:56:51.2580   151
622   170.89067   05-11_20:56:52.2490   157
623   170.89566   05-11_20:56:53.2250   174
624   170.8734   05-11_20:56:54.1930   157
625   170.8688   05-11_20:56:55.1700   168
626   170.83865   05-11_20:56:56.1780   152
627   170.82776   05-11_20:56:57.1360   164
628   170.81847   05-11_20:56:58.1150   165
629   170.779   05-11_20:56:59.1120   146
630   170.71428   05-11_20:57:00.0780   130
631   170.66245   05-11_20:57:01.0060   138
632   170.69145   05-11_20:57:01.9670   189
633   170.71248   05-11_20:57:02.9950   184
634   170.72871   05-11_20:57:04.0290   181
635   170.71811   05-11_20:57:05.0100   164
636   170.67453   05-11_20:57:06.0120   143
637   170.6766   05-11_20:57:06.9920   172
638   170.66458   05-11_20:57:07.9750   163
639   170.68701   05-11_20:57:08.9350   185
640   170.66719   05-11_20:57:09.9830   158
641   170.66615   05-11_20:57:10.9420   170
642   170.6838   05-11_20:57:11.9290   182
643   170.66252   05-11_20:57:12.9630   157
644   170.67702   05-11_20:57:13.9470   180
645   170.62326   05-11_20:57:14.8730   136
646   170.56502   05-11_20:57:15.7890   133
647   170.5116   05-11_20:57:16.6620   136
648   170.50462   05-11_20:57:17.5640   166
649   170.48228   05-11_20:57:18.5100   156
650   170.46   05-11_20:57:19.5230   156
651   170.42857   05-11_20:57:20.5050   150
652   170.41565   05-11_20:57:21.4710   162
653   170.4533   05-11_20:57:22.4480   195
654   170.43425   05-11_20:57:23.4960   158
655   170.39847   05-11_20:57:24.5000   147
656   170.40549   05-11_20:57:25.6690   175
657   170.39421   05-11_20:57:26.6620   163
658   170.31155   05-11_20:57:27.6150   116
659   170.30956   05-11_20:57:28.5150   169
660   170.2985   05-11_20:57:29.5000   163
661   170.29955   05-11_20:57:30.5210   171
662   170.28398   05-11_20:57:31.4640   160
663   170.24133   05-11_20:57:32.4810   142
664   170.24097   05-11_20:57:33.4280   170
665   170.20903   05-11_20:57:34.4100   149
666   170.17117   05-11_20:57:35.4170   145
667   170.17091   05-11_20:57:36.3820   170
668   170.18712   05-11_20:57:37.4150   181
669   170.18983   05-11_20:57:38.4040   172
670   170.17314   05-11_20:57:39.3950   159
671   170.09985   05-11_20:57:40.3470   121
672   170.15775   05-11_20:57:41.2680   209
673   170.16641   05-11_20:57:42.3010   176
674   170.16617   05-11_20:57:43.3270   170
675   170.10074   05-11_20:57:44.4770   126
676   170.1139   05-11_20:57:45.3960   179
677   170.0783   05-11_20:57:46.4010   146
678   170.13422   05-11_20:57:47.4110   208
679   170.15022   05-11_20:57:48.4470   181
680   170.16176   05-11_20:57:49.4920   178
681   170.2834   05-11_20:57:50.4950   253
682   170.31525   05-11_20:57:51.6510   192
683   170.31186   05-11_20:57:52.6810   168
684   170.33772   05-11_20:57:53.6600   188
685   170.35913   05-11_20:57:54.6490   185
686   170.35423   05-11_20:57:55.6960   167
687   170.34497   05-11_20:57:56.6970   164
688   170.4128   05-11_20:57:57.7310   217
689   170.40929   05-11_20:57:58.7870   168
690   170.45943   05-11_20:57:59.8070   205
691   170.42691   05-11_20:58:00.8640   148
692   170.43497   05-11_20:58:01.8190   176
693   170.41847   05-11_20:58:02.7880   159
694   170.40778   05-11_20:58:03.7780   163
695   170.38705   05-11_20:58:04.7800   156
696   170.37787   05-11_20:58:05.7880   164
697   170.3601   05-11_20:58:06.7830   158
698   170.41118   05-11_20:58:07.7550   206
699   170.3834   05-11_20:58:08.7820   151
700   170.38   05-11_20:58:09.7460   168
701   170.40085   05-11_20:58:10.7230   185
702   170.38034   05-11_20:58:11.7480   156
703   170.36131   05-11_20:58:12.7250   157
704   170.38779   05-11_20:58:13.6900   189
705   170.3773   05-11_20:58:14.6850   163
706   170.36827   05-11_20:58:15.6540   164
707   170.37341   05-11_20:58:16.7180   174
708   170.35028   05-11_20:58:17.7160   154
709   170.35966   05-11_20:58:18.6760   177
710   170.32112   05-11_20:58:19.7100   143
711   170.29395   05-11_20:58:20.7120   151
712   170.28651   05-11_20:58:21.7080   165
713   170.24825   05-11_20:58:22.6740   143
714   170.28432   05-11_20:58:23.6420   196
715   170.53847   05-11_20:58:24.6350   352
716   170.55028   05-11_20:58:25.8050   179
717   170.576   05-11_20:58:26.7790   189
718   170.59192   05-11_20:58:27.8020   182
719   170.58554   05-11_20:58:28.8450   166
720   170.62083   05-11_20:58:29.8730   196
721   170.59361   05-11_20:58:30.8200   151
722   170.60664   05-11_20:58:31.7940   180
723   170.6321   05-11_20:58:32.7880   189
724   170.65608   05-11_20:58:33.7840   188
725   170.68689   05-11_20:58:34.7970   193
726   170.708   05-11_20:58:35.7890   186
727   170.7304   05-11_20:58:36.7920   187
728   170.72803   05-11_20:58:37.7880   169
729   170.73936   05-11_20:58:38.8150   179
730   170.72466   05-11_20:58:39.7960   160
731   170.70041   05-11_20:58:40.8090   153
732   170.68306   05-11_20:58:41.7500   158
733   170.6644   05-11_20:58:42.7210   157
734   170.73024   05-11_20:58:43.6490   219
735   170.83537   05-11_20:58:44.6470   248
736   170.88315   05-11_20:58:45.7300   206
737   170.87788   05-11_20:58:46.7490   167
738   170.88889   05-11_20:58:47.7630   179
739   170.89987   05-11_20:58:48.7420   179
740   170.92297   05-11_20:58:49.6990   188
741   170.92442   05-11_20:58:50.6980   172
742   170.92183   05-11_20:58:51.6900   169
743   170.90579   05-11_20:58:52.7120   159
744   170.92741   05-11_20:58:53.6720   187
745   170.93423   05-11_20:58:54.6870   176
746   170.93298   05-11_20:58:55.6750   170
747   170.98795   05-11_20:58:56.6660   212
748   170.98396   05-11_20:58:57.7160   168
749   170.96663   05-11_20:58:58.7900   158
750   170.97067   05-11_20:58:59.7890   174
751   171.49268   05-11_20:59:00.8270   563
752   171.57846   05-11_20:59:02.2220   236
753   171.64674   05-11_20:59:03.2890   223
754   171.7069   05-11_20:59:04.3420   217
755   171.76027   05-11_20:59:05.4030   212
756   171.80423   05-11_20:59:06.4610   205
757   171.8613   05-11_20:59:07.5430   215
758   171.9103   05-11_20:59:08.5940   209
759   171.93808   05-11_20:59:09.6780   193
760   171.9579   05-11_20:59:10.7130   187
761   172.02103   05-11_20:59:11.7550   220
762   172.05643   05-11_20:59:12.8480   199
763   172.10092   05-11_20:59:13.9470   206
764   172.24084   05-11_20:59:15.0100   279
765   172.30327   05-11_20:59:16.1550   220
766   172.28198   05-11_20:59:17.2130   156
767   172.28032   05-11_20:59:18.1770   171
768   172.28255   05-11_20:59:19.2000   174
769   172.27829   05-11_20:59:20.2480   169
770   172.26103   05-11_20:59:21.2290   159
771   172.2607   05-11_20:59:22.2240   172
772   172.26425   05-11_20:59:23.2740   175
773   172.24579   05-11_20:59:24.3470   158
774   172.22481   05-11_20:59:25.3080   156
775   172.21161   05-11_20:59:26.2580   162
776   172.19072   05-11_20:59:27.2680   156
777   172.24968   05-11_20:59:28.3290   218
778   172.25964   05-11_20:59:29.3850   180
779   172.25032   05-11_20:59:30.3850   165
780   172.26923   05-11_20:59:31.4280   187
781   172.24968   05-11_20:59:32.4250   157
782   172.22762   05-11_20:59:33.4490   155
783   172.23116   05-11_20:59:34.4180   175
784   172.2449   05-11_20:59:35.4220   183
785   172.31592   05-11_20:59:36.4380   228
786   172.38422   05-11_20:59:37.5200   226
787   172.37611   05-11_20:59:38.5390   166
788   172.4302   05-11_20:59:39.5500   215
789   172.44487   05-11_20:59:40.5880   184
790   172.4367   05-11_20:59:41.6080   166
791   172.43362   05-11_20:59:42.5820   170
792   172.44444   05-11_20:59:43.5830   181
793   172.46407   05-11_20:59:44.5820   188
794   172.44081   05-11_20:59:45.6030   154
795   172.44276   05-11_20:59:46.5860   174
796   172.43468   05-11_20:59:47.6490   166
797   172.55081   05-11_20:59:48.6520   265
798   172.53383   05-11_20:59:49.8100   159
799   172.51189   05-11_20:59:50.7740   155
800   172.48625   05-11_20:59:51.7680   152
801   172.45818   05-11_20:59:52.7280   150
802   172.46758   05-11_20:59:53.7010   180
803   172.50186   05-11_20:59:54.7230   200
804   172.51369   05-11_20:59:55.7490   182
805   172.52298   05-11_20:59:56.7890   180
806   172.57568   05-11_20:59:57.8150   215
807   172.58736   05-11_20:59:58.8970   182
808   172.59282   05-11_20:59:59.9230   177
809   172.58344   05-11_21:00:00.8930   165
810   172.86914   05-11_21:00:01.8700   404
811   172.94574   05-11_21:00:03.0870   235
812   172.9372   05-11_21:00:04.1380   166
813   172.94833   05-11_21:00:05.1350   182
814   172.97911   05-11_21:00:06.1850   198
815   173.16196   05-11_21:00:07.2200   322
816   173.20343   05-11_21:00:08.3230   207
817   173.20319   05-11_21:00:09.3580   173
818   173.2066   05-11_21:00:10.3500   176
819   173.20146   05-11_21:00:11.3930   169
820   173.21219   05-11_21:00:12.3840   182
821   173.1961   05-11_21:00:13.3810   160
822   173.2202   05-11_21:00:14.3770   193
823   173.23816   05-11_21:00:15.4220   188
824   173.25   05-11_21:00:16.4740   183
825   173.26183   05-11_21:00:17.5650   183
826   173.26271   05-11_21:00:18.6190   174
827   173.30835   05-11_21:00:19.6210   211
828   173.31401   05-11_21:00:20.6400   178
829   173.31001   05-11_21:00:21.6670   170
830   173.29518   05-11_21:00:22.6800   161
831   173.29242   05-11_21:00:23.6330   171
832   173.29327   05-11_21:00:24.5990   174
833   173.28932   05-11_21:00:25.6300   170
834   173.27219   05-11_21:00:26.5980   159
835   173.27185   05-11_21:00:27.5910   173
836   173.28468   05-11_21:00:28.5950   184
837   173.30943   05-11_21:00:29.6330   194
838   173.39618   05-11_21:00:30.6580   246
839   173.38022   05-11_21:00:31.7260   160
840   173.37381   05-11_21:00:32.7060   168
841   173.39478   05-11_21:00:33.7120   191
842   173.39667   05-11_21:00:34.7400   175
843   173.4057   05-11_21:00:35.7670   181
844   173.39693   05-11_21:00:36.7630   166
845   173.37988   05-11_21:00:37.7610   159
846   173.40189   05-11_21:00:38.7200   192
847   173.39316   05-11_21:00:39.7380   166
848   173.41156   05-11_21:00:40.6580   189
849   173.43227   05-11_21:00:41.6750   191
850   173.42235   05-11_21:00:42.6730   165
851   173.42656   05-11_21:00:43.6580   177
852   173.4108   05-11_21:00:44.6490   160
853   173.41618   05-11_21:00:45.6590   178
854   173.43208   05-11_21:00:46.6480   187
855   173.43509   05-11_21:00:47.6300   176
856   173.45444   05-11_21:00:48.6580   190
857   173.45508   05-11_21:00:49.7040   174
858   173.53613   05-11_21:00:50.7290   243
859   173.58673   05-11_21:00:51.7880   217
860   173.58023   05-11_21:00:52.8460   168
861   173.58304   05-11_21:00:53.8050   176
862   173.63225   05-11_21:00:54.8240   216
863   173.62225   05-11_21:00:55.8740   165
864   173.62038   05-11_21:00:56.8650   172
865   173.59769   05-11_21:00:57.8550   154
866   173.58545   05-11_21:00:58.8640   163
867   173.56747   05-11_21:00:59.8610   158
868   173.60484   05-11_21:01:00.9030   206
869   173.6329   05-11_21:01:01.9240   198
870   173.61954   05-11_21:01:02.9180   162
871   173.69002   05-11_21:01:03.9060   235
872   173.66513   05-11_21:01:05.0180   152
873   173.68042   05-11_21:01:06.1090   187
874   173.72998   05-11_21:01:07.1520   217
875   173.71886   05-11_21:01:08.1970   164
876   173.70891   05-11_21:01:09.2020   165
877   173.70581   05-11_21:01:10.1890   171
878   173.69589   05-11_21:01:11.1880   165
879   173.71786   05-11_21:01:12.2070   193
880   173.75113   05-11_21:01:13.2240   203
881   173.80136   05-11_21:01:14.2440   218
882   173.8526   05-11_21:01:15.3220   219
883   173.87881   05-11_21:01:16.3880   197
884   173.90498   05-11_21:01:17.4090   197
885   173.90396   05-11_21:01:18.4360   173
886   173.90407   05-11_21:01:19.4420   174
887   173.89403   05-11_21:01:20.4220   165
888   173.89752   05-11_21:01:21.3920   177
889   173.89088   05-11_21:01:22.3780   168
890   173.87865   05-11_21:01:23.3480   163
891   173.89899   05-11_21:01:24.3470   192
892   173.90695   05-11_21:01:25.3530   181
893   173.92162   05-11_21:01:26.4220   187
894   173.9094   05-11_21:01:27.4530   163
895   173.9352   05-11_21:01:28.4740   197
896   173.96428   05-11_21:01:29.5380   200
897   173.96321   05-11_21:01:30.5940   173
898   173.98218   05-11_21:01:31.6010   191
899   173.99554   05-11_21:01:32.6690   186
900   173.98889   05-11_21:01:33.6550   168
901   174.0   05-11_21:01:34.6480   184
902   173.99113   05-11_21:01:35.6600   166
903   173.98561   05-11_21:01:36.6410   169
904   173.9635   05-11_21:01:37.6280   154
905   173.97017   05-11_21:01:38.6160   180
906   173.99448   05-11_21:01:39.6080   196
907   174.01874   05-11_21:01:40.6630   196
908   173.9934   05-11_21:01:41.7300   151
909   174.0231   05-11_21:01:42.7360   201
910   174.03407   05-11_21:01:43.7970   184
911   174.02306   05-11_21:01:44.7960   164
912   174.0658   05-11_21:01:45.7950   213
913   174.05367   05-11_21:01:46.8890   163
914   174.05798   05-11_21:01:47.8900   178
915   174.21967   05-11_21:01:48.9150   322
916   174.21616   05-11_21:01:50.0910   171
917   174.229   05-11_21:01:51.0750   186
918   174.27995   05-11_21:01:52.1220   221
919   174.28618   05-11_21:01:53.1720   180
920   174.29782   05-11_21:01:54.1640   185
921   174.28665   05-11_21:01:55.1290   164
922   174.29285   05-11_21:01:56.1300   180
923   174.27844   05-11_21:01:57.1110   161
924   174.27057   05-11_21:01:58.0940   167
925   174.26054   05-11_21:01:59.1050   165
926   174.2473   05-11_21:02:00.1160   162
927   174.20819   05-11_21:02:01.0960   138
928   174.21552   05-11_21:02:02.0090   181
929   174.24435   05-11_21:02:03.0020   201
930   174.21397   05-11_21:02:04.0600   146
931   174.1955   05-11_21:02:05.0190   157
932   174.2146   05-11_21:02:05.9930   192
933   174.20258   05-11_21:02:07.0250   163
934   174.1863   05-11_21:02:07.9990   159
935   174.17967   05-11_21:02:08.9500   168
936   174.15706   05-11_21:02:09.9380   153
937   174.12166   05-11_21:02:10.9590   141
938   174.1098   05-11_21:02:11.9090   163
939   174.10544   05-11_21:02:12.8730   170
940   174.10106   05-11_21:02:13.8970   170
941   174.09245   05-11_21:02:14.8680   166
942   174.13483   05-11_21:02:15.8380   214
943   174.18452   05-11_21:02:16.8610   221
944   174.18962   05-11_21:02:17.9200   179
945   174.19894   05-11_21:02:18.9530   183
946   174.1945   05-11_21:02:19.9380   170
947   174.20908   05-11_21:02:20.9270   188
948   174.1962   05-11_21:02:21.9260   162
949   174.20547   05-11_21:02:22.8950   183
950   174.19684   05-11_21:02:23.8920   166
951   174.18716   05-11_21:02:24.8580   165
952   174.17752   05-11_21:02:25.8300   165
953   174.20146   05-11_21:02:26.8580   197
954   174.21803   05-11_21:02:27.9300   190
955   174.18848   05-11_21:02:28.9950   146
956   174.17886   05-11_21:02:29.9580   165
957   174.16823   05-11_21:02:30.9670   164
958   174.14719   05-11_21:02:32.2180   154
959   174.15329   05-11_21:02:33.1920   180
960   174.17917   05-11_21:02:34.2190   199
961   174.15193   05-11_21:02:35.2730   148
962   174.15593   05-11_21:02:36.2120   178
963   174.1381   05-11_21:02:37.1830   157
964   174.16908   05-11_21:02:38.1430   204
965   174.16165   05-11_21:02:39.1460   167
966   174.14389   05-11_21:02:40.1250   157
967   174.14787   05-11_21:02:41.0910   178
968   174.1343   05-11_21:02:42.1440   161
969   174.16512   05-11_21:02:43.1130   204
970   174.14742   05-11_21:02:44.1480   157
971   174.1483   05-11_21:02:45.0990   175
972   174.15227   05-11_21:02:46.0780   178
973   174.1552   05-11_21:02:47.0660   177
974   174.14066   05-11_21:02:48.0520   160
975   174.13333   05-11_21:02:49.0390   167
976   174.09221   05-11_21:02:49.9760   134
977   174.04094   05-11_21:02:50.8600   124
978   174.01942   05-11_21:02:51.7820   153
979   174.02248   05-11_21:02:52.7640   177
980   174.03673   05-11_21:02:53.7200   188
981   174.02345   05-11_21:02:54.7320   161
982   174.00305   05-11_21:02:55.8620   154
983   173.98169   05-11_21:02:56.8350   153
984   173.9746   05-11_21:02:57.7940   167
985   173.9594   05-11_21:02:58.7760   159
986   173.9493   05-11_21:02:59.7300   164
987   173.93414   05-11_21:03:00.6830   159
988   173.95952   05-11_21:03:01.6800   199
989   173.93933   05-11_21:03:02.6350   154
990   173.94243   05-11_21:03:03.5700   177
991   173.9112   05-11_21:03:04.5200   143
992   173.92137   05-11_21:03:05.4980   184
993   173.90433   05-11_21:03:06.4910   157
994   173.89638   05-11_21:03:07.4590   166
995   173.8985   05-11_21:03:08.4260   176
996   173.89758   05-11_21:03:09.3990   173
997   173.88466   05-11_21:03:10.4510   161
998   173.86874   05-11_21:03:11.4760   158
999   173.82883   05-11_21:03:12.4060   134
1000   173.81   05-11_21:03:13.3360   155
1   256.0   05-11_21:07:20.7470   256
2   201.5   05-11_21:07:21.7590   147
3   177.0   05-11_21:07:22.6670   128
4   167.5   05-11_21:07:23.6140   139
5   169.8   05-11_21:07:24.5700   179
6   167.83333   05-11_21:07:25.5260   158
7   168.57143   05-11_21:07:26.4800   173
8   166.0   05-11_21:07:27.4500   148
9   164.77777   05-11_21:07:28.3920   155
10   162.7   05-11_21:07:29.3300   144
11   165.27272   05-11_21:07:30.2530   191
12   165.58333   05-11_21:07:31.3180   169
13   167.23077   05-11_21:07:32.2910   187
14   167.21428   05-11_21:07:33.2650   167
15   166.46666   05-11_21:07:34.2280   156
16   165.6875   05-11_21:07:35.2170   154
17   164.88235   05-11_21:07:36.1380   152
18   163.94444   05-11_21:07:37.1270   148
19   163.3158   05-11_21:07:38.0880   152
20   162.45   05-11_21:07:39.0520   146
21   162.28572   05-11_21:07:40.0460   159
22   163.68182   05-11_21:07:41.0190   193
23   163.0   05-11_21:07:42.0420   148
24   163.04167   05-11_21:07:42.9910   164
25   164.12   05-11_21:07:43.9810   190
26   164.46153   05-11_21:07:44.9760   173
27   164.88889   05-11_21:07:45.9750   176
28   166.10715   05-11_21:07:46.9380   199
29   166.55173   05-11_21:07:47.9110   179
30   166.53334   05-11_21:07:48.9290   166
31   166.32259   05-11_21:07:49.9040   160
32   167.375   05-11_21:07:50.8840   200
33   167.45454   05-11_21:07:51.9040   170
34   166.88235   05-11_21:07:52.9010   148
35   169.54286   05-11_21:07:53.8480   260
36   169.41667   05-11_21:07:54.8840   165
37   171.27026   05-11_21:07:55.8700   238
38   172.44737   05-11_21:07:56.9860   216
39   171.94872   05-11_21:07:57.9970   153
40   171.5   05-11_21:07:58.9730   154
41   170.7561   05-11_21:07:59.9400   141
42   169.69048   05-11_21:08:00.8590   126
43   169.72093   05-11_21:08:01.7320   171
44   168.93182   05-11_21:08:02.7120   135
45   168.6   05-11_21:08:03.5890   154
46   168.36957   05-11_21:08:04.5540   158
47   168.31915   05-11_21:08:05.4880   166
48   168.33333   05-11_21:08:06.5100   169
49   168.0   05-11_21:08:07.4580   152
50   168.04   05-11_21:08:08.4450   170
51   168.05882   05-11_21:08:09.4250   169
52   167.51923   05-11_21:08:10.4680   140
53   167.43396   05-11_21:08:11.4270   163
54   167.53703   05-11_21:08:12.4160   173
55   167.6909   05-11_21:08:13.4390   176
56   169.01785   05-11_21:08:14.4850   242
57   168.85965   05-11_21:08:15.6120   160
58   168.55173   05-11_21:08:16.5620   151
59   168.59322   05-11_21:08:17.5240   171
60   168.71666   05-11_21:08:18.4840   176
61   169.27869   05-11_21:08:19.4770   203
62   169.0   05-11_21:08:20.5190   152
63   169.12698   05-11_21:08:21.5130   177
64   169.45313   05-11_21:08:22.5370   190
65   169.53847   05-11_21:08:23.5280   175
66   169.34848   05-11_21:08:24.5420   157
67   169.35822   05-11_21:08:25.4710   170
68   171.16176   05-11_21:08:26.4530   292
69   171.31885   05-11_21:08:27.5910   182
70   171.31429   05-11_21:08:28.6090   171
71   171.59155   05-11_21:08:29.5960   191
72   172.18056   05-11_21:08:30.6520   214
73   172.0822   05-11_21:08:31.7120   165
74   172.06757   05-11_21:08:32.6860   171
75   172.61333   05-11_21:08:33.6800   213
76   173.39473   05-11_21:08:34.7090   232
77   174.05194   05-11_21:08:35.7840   224
78   173.84616   05-11_21:08:36.7920   158
79   173.73418   05-11_21:08:37.7790   165
80   173.4   05-11_21:08:38.7710   147
81   173.35803   05-11_21:08:39.7480   170
82   173.56097   05-11_21:08:40.8120   190
83   173.63855   05-11_21:08:41.8210   180
84   173.39285   05-11_21:08:42.8220   153
85   173.50589   05-11_21:08:43.8700   183
86   173.61627   05-11_21:08:44.8640   183
87   173.87357   05-11_21:08:45.8500   196
88   173.65909   05-11_21:08:46.8760   155
89   173.73033   05-11_21:08:47.9310   180
90   173.82222   05-11_21:08:48.9260   182
91   174.25275   05-11_21:08:49.9150   213
92   174.54347   05-11_21:08:50.9770   201
93   174.51613   05-11_21:08:52.0300   172
94   174.17021   05-11_21:08:53.0570   142
95   174.65263   05-11_21:08:54.0200   220
96   174.86458   05-11_21:08:55.0840   195
97   174.53609   05-11_21:08:56.1840   143
98   174.58163   05-11_21:08:57.1490   179
99   174.44444   05-11_21:08:58.1550   161
100   174.59   05-11_21:08:59.1560   189
101   175.17822   05-11_21:09:00.1490   234
102   175.10785   05-11_21:09:01.1890   168
103   174.97087   05-11_21:09:02.2180   161
104   174.58653   05-11_21:09:03.2270   135
105   174.69524   05-11_21:09:04.1780   186
106   174.73586   05-11_21:09:05.1980   179
107   175.02803   05-11_21:09:06.2290   206
108   175.06482   05-11_21:09:07.2840   179
109   175.22935   05-11_21:09:08.2930   193
110   175.12727   05-11_21:09:09.3360   164
111   174.85585   05-11_21:09:10.3100   145
112   174.79465   05-11_21:09:11.2820   168
113   175.45132   05-11_21:09:12.2560   249
114   175.47368   05-11_21:09:13.3210   178
115   175.44348   05-11_21:09:14.2910   172
116   175.49138   05-11_21:09:15.2800   181
117   175.54701   05-11_21:09:16.2920   182
118   175.57628   05-11_21:09:17.3080   179
119   175.47899   05-11_21:09:18.3150   164
120   175.36667   05-11_21:09:19.3050   162
121   175.21487   05-11_21:09:20.2840   157
122   175.04099   05-11_21:09:21.2510   154
123   174.99187   05-11_21:09:22.2130   169
124   175.2258   05-11_21:09:23.2040   204
125   175.048   05-11_21:09:24.2820   153
126   175.34126   05-11_21:09:25.2460   212
127   175.31496   05-11_21:09:26.2780   172
128   175.32031   05-11_21:09:27.2500   176
129   175.33333   05-11_21:09:28.2730   177
130   175.36154   05-11_21:09:29.3070   179
131   175.62596   05-11_21:09:30.2920   210
132   175.31061   05-11_21:09:31.3010   134
133   174.89473   05-11_21:09:32.2170   120
134   174.56717   05-11_21:09:33.1330   131
135   174.48889   05-11_21:09:34.0950   164
136   174.375   05-11_21:09:35.0920   159
137   174.29198   05-11_21:09:36.0640   163
138   174.18115   05-11_21:09:37.0330   159
139   174.02878   05-11_21:09:38.0220   153
140   173.85715   05-11_21:09:38.9760   150
141   173.77306   05-11_21:09:39.9540   162
142   173.83098   05-11_21:09:40.9330   182
143   173.68532   05-11_21:09:41.9380   153
144   173.63194   05-11_21:09:42.8950   166
145   173.45517   05-11_21:09:43.8820   148
146   173.33562   05-11_21:09:44.8740   156
147   174.28572   05-11_21:09:45.8540   313
148   174.41216   05-11_21:09:46.9740   193
149   174.14095   05-11_21:09:48.0350   134
150   174.04666   05-11_21:09:48.9830   160
151   174.01324   05-11_21:09:49.9350   169
152   174.01973   05-11_21:09:50.9000   175
153   174.17647   05-11_21:09:51.9080   198
154   174.2987   05-11_21:09:52.9130   193
155   174.21936   05-11_21:09:53.8800   162
156   174.19872   05-11_21:09:54.8580   171
157   174.07007   05-11_21:09:55.8590   154
158   174.09494   05-11_21:09:56.8630   178
159   174.11949   05-11_21:09:57.8370   178
160   174.05624   05-11_21:09:58.7650   164
161   173.95032   05-11_21:09:59.7300   157
162   173.96913   05-11_21:10:00.7010   177
163   174.05522   05-11_21:10:01.7110   188
164   174.14024   05-11_21:10:02.7050   188
165   174.02425   05-11_21:10:03.6660   155
166   174.07831   05-11_21:10:04.6200   183
167   173.95808   05-11_21:10:05.6360   154
168   173.91667   05-11_21:10:06.6060   167
169   173.7929   05-11_21:10:07.5820   153
170   173.44705   05-11_21:10:08.5900   115
171   173.73685   05-11_21:10:09.4950   223
172   173.76163   05-11_21:10:10.5080   178
173   173.74567   05-11_21:10:11.4930   171
174   173.54024   05-11_21:10:12.4780   138
175   173.42857   05-11_21:10:13.4380   154
176   173.36363   05-11_21:10:14.4070   162
177   173.2938   05-11_21:10:15.3980   161
178   173.17978   05-11_21:10:16.3950   153
179   173.2458   05-11_21:10:17.4110   185
180   173.2111   05-11_21:10:18.4530   167
181   173.1989   05-11_21:10:19.4090   171
182   172.9066   05-11_21:10:20.3850   120
183   172.79782   05-11_21:10:21.3070   153
184   173.05978   05-11_21:10:22.2660   221
185   172.92973   05-11_21:10:23.2690   149
186   172.83871   05-11_21:10:24.2290   156
187   172.7861   05-11_21:10:25.1920   163
188   172.77127   05-11_21:10:26.2230   170
189   172.7037   05-11_21:10:27.2070   160
190   172.74738   05-11_21:10:28.5970   181
191   172.68063   05-11_21:10:29.5990   160
192   172.64583   05-11_21:10:30.5880   166
193   173.04146   05-11_21:10:31.5890   249
194   173.00516   05-11_21:10:32.6420   166
195   172.99487   05-11_21:10:33.6350   171
196   173.05612   05-11_21:10:34.6340   185
197   172.96446   05-11_21:10:35.6380   155
198   172.75252   05-11_21:10:36.6060   131
199   172.93468   05-11_21:10:37.5210   209
200   172.835   05-11_21:10:38.5570   153
201   173.70647   05-11_21:10:39.5520   348
202   173.92574   05-11_21:10:40.7200   218
203   173.89655   05-11_21:10:41.8350   168
204   173.7255   05-11_21:10:42.8270   139
205   173.62927   05-11_21:10:43.7780   154
206   173.47572   05-11_21:10:44.7550   142
207   173.40579   05-11_21:10:45.7310   159
208   173.27884   05-11_21:10:46.7150   147
209   173.18182   05-11_21:10:47.6490   153
210   173.13809   05-11_21:10:48.6460   164
211   173.08531   05-11_21:10:49.6580   162
212   172.8632   05-11_21:10:50.6180   126
213   172.74179   05-11_21:10:51.5780   147
214   172.743   05-11_21:10:52.5980   173
215   172.58139   05-11_21:10:53.5350   138
216   172.50926   05-11_21:10:54.4580   157
217   172.41936   05-11_21:10:55.4460   153
218   172.41743   05-11_21:10:56.4640   172
219   172.2968   05-11_21:10:57.4540   146
220   172.26364   05-11_21:10:58.4350   165
221   172.1991   05-11_21:10:59.4830   158
222   172.2027   05-11_21:11:00.4800   173
223   172.46188   05-11_21:11:01.4550   230
224   172.5625   05-11_21:11:02.5400   195
225   172.75111   05-11_21:11:03.5520   215
226   172.77876   05-11_21:11:04.6630   179
227   172.78854   05-11_21:11:05.6580   175
228   173.08333   05-11_21:11:06.7490   240
229   173.02184   05-11_21:11:07.7840   159
230   173.0261   05-11_21:11:08.8370   174
231   172.98701   05-11_21:11:09.8040   164
232   172.93535   05-11_21:11:10.7680   161
233   172.91417   05-11_21:11:11.7580   168
234   172.7735   05-11_21:11:12.7690   140
235   172.77448   05-11_21:11:13.7340   173
236   172.55084   05-11_21:11:14.6940   120
237   172.49367   05-11_21:11:15.5850   159
238   172.37395   05-11_21:11:16.5480   144
239   172.2887   05-11_21:11:17.5600   152
240   172.20833   05-11_21:11:18.5370   153
241   172.12033   05-11_21:11:19.5790   151
242   172.01239   05-11_21:11:20.5270   146
243   171.90947   05-11_21:11:21.4750   147
244   171.94263   05-11_21:11:22.4410   180
245   171.91837   05-11_21:11:23.4600   166
246   171.95122   05-11_21:11:24.4630   180
247   171.9919   05-11_21:11:25.4610   182
248   171.93549   05-11_21:11:26.4780   158
249   171.78716   05-11_21:11:27.4660   135
250   171.732   05-11_21:11:28.4210   158
251   171.66534   05-11_21:11:29.4390   155
252   171.94444   05-11_21:11:30.4210   242
253   172.02371   05-11_21:11:31.4680   192
254   172.23622   05-11_21:11:32.4840   226
255   172.43529   05-11_21:11:33.5000   223
256   172.35938   05-11_21:11:34.5550   153
257   172.3424   05-11_21:11:35.5470   168
258   172.29845   05-11_21:11:36.5380   161
259   172.22008   05-11_21:11:37.5790   152
260   172.18077   05-11_21:11:38.5790   162
261   172.19923   05-11_21:11:39.5430   177
262   172.12596   05-11_21:11:40.5200   153
263   172.1673   05-11_21:11:41.4910   183
264   172.13637   05-11_21:11:42.4970   164
265   172.08679   05-11_21:11:43.4740   159
266   172.13535   05-11_21:11:44.4520   185
267   172.08614   05-11_21:11:45.4490   159
268   171.97015   05-11_21:11:46.3990   141
269   172.12639   05-11_21:11:47.3890   214
270   172.03703   05-11_21:11:48.4110   148
271   171.9963   05-11_21:11:49.4000   161
272   172.00368   05-11_21:11:50.3890   174
273   171.95604   05-11_21:11:51.3600   159
274   171.87592   05-11_21:11:52.3470   150
275   171.83273   05-11_21:11:53.2890   160
276   171.75   05-11_21:11:54.2610   149
277   171.7112   05-11_21:11:55.2590   161
278   171.60431   05-11_21:11:56.2390   142
279   171.69176   05-11_21:11:57.2260   196
280   171.65   05-11_21:11:58.2470   160
281   171.76512   05-11_21:11:59.2170   204
282   171.84398   05-11_21:12:00.2130   194
283   171.95407   05-11_21:12:01.2120   203
284   171.83803   05-11_21:12:02.2260   139
285   171.80702   05-11_21:12:03.1750   163
286   171.97902   05-11_21:12:04.1020   221
287   172.03136   05-11_21:12:05.1560   187
288   172.04167   05-11_21:12:06.1700   175
289   172.18684   05-11_21:12:07.2060   214
290   172.13448   05-11_21:12:08.2360   157
291   172.05843   05-11_21:12:09.2100   150
292   172.06165   05-11_21:12:10.1750   173
293   172.04437   05-11_21:12:11.1470   167
294   172.04082   05-11_21:12:12.1230   171
295   171.98984   05-11_21:12:13.0770   157
296   171.98311   05-11_21:12:14.0680   170
297   172.0202   05-11_21:12:15.0780   183
298   171.97652   05-11_21:12:16.1190   159
299   171.89632   05-11_21:12:17.1280   148
300   171.87334   05-11_21:12:18.1120   165
301   172.46844   05-11_21:12:19.1090   351
302   172.64238   05-11_21:12:20.2790   225
303   172.79208   05-11_21:12:21.3290   218
304   172.84868   05-11_21:12:22.3540   190
305   172.92131   05-11_21:12:23.4360   195
306   173.04903   05-11_21:12:24.4600   212
307   172.95766   05-11_21:12:25.4940   145
308   173.12013   05-11_21:12:26.4130   223
309   173.17476   05-11_21:12:27.4320   190
310   173.18387   05-11_21:12:28.4390   176
311   173.24437   05-11_21:12:29.4250   192
312   173.29167   05-11_21:12:30.4330   188
313   173.52396   05-11_21:12:31.4380   246
314   173.6051   05-11_21:12:32.4890   199
315   173.55556   05-11_21:12:33.4980   158
316   173.5538   05-11_21:12:34.4180   173
317   173.58044   05-11_21:12:35.3770   182
318   173.54088   05-11_21:12:36.3840   161
319   173.53606   05-11_21:12:37.3830   172
320   173.67188   05-11_21:12:38.3940   217
321   173.68536   05-11_21:12:39.4210   178
322   173.81056   05-11_21:12:40.4450   214
323   173.9226   05-11_21:12:41.4310   210
324   173.99074   05-11_21:12:42.4480   196
325   173.93231   05-11_21:12:43.4980   155
326   173.75768   05-11_21:12:44.4560   117
327   173.76758   05-11_21:12:45.3490   177
328   173.77744   05-11_21:12:46.3640   177
329   173.82372   05-11_21:12:47.3590   189
330   173.81212   05-11_21:12:48.3490   170
331   173.8157   05-11_21:12:49.3810   175
332   173.79518   05-11_21:12:50.3900   167
333   173.81982   05-11_21:12:51.3490   182
334   173.80539   05-11_21:12:52.3210   169
335   173.81194   05-11_21:12:53.2880   176
336   173.75893   05-11_21:12:54.2510   156
337   173.74777   05-11_21:12:55.2130   170
338   173.85207   05-11_21:12:56.1990   209
339   173.81711   05-11_21:12:57.2320   162
340   173.87646   05-11_21:12:58.2110   194
341   173.94427   05-11_21:12:59.2780   197
342   173.91812   05-11_21:13:00.2870   165
343   173.93294   05-11_21:13:01.3080   179
344   173.97675   05-11_21:13:02.2920   189
345   174.03189   05-11_21:13:03.3170   193
346   174.01445   05-11_21:13:04.2950   168
347   174.03171   05-11_21:13:05.3020   180
348   174.18391   05-11_21:13:06.3390   227
349   174.23209   05-11_21:13:07.4270   191
350   174.24571   05-11_21:13:08.4800   179
351   174.39032   05-11_21:13:09.4810   225
352   174.50853   05-11_21:13:10.6100   216
353   174.45326   05-11_21:13:11.6960   155
354   174.4774   05-11_21:13:12.6860   183
355   174.50986   05-11_21:13:13.6840   186
356   174.5927   05-11_21:13:14.6860   204
357   174.59663   05-11_21:13:15.7090   176
358   174.68715   05-11_21:13:16.6860   207
359   174.69916   05-11_21:13:17.7200   179
360   174.61945   05-11_21:13:18.7200   146
361   174.49585   05-11_21:13:19.6120   130
362   174.57735   05-11_21:13:20.5040   204
363   174.55096   05-11_21:13:21.5090   165
364   174.8489   05-11_21:13:22.4930   283
365   174.83014   05-11_21:13:23.6040   168
366   174.80602   05-11_21:13:24.5850   166
367   174.82289   05-11_21:13:25.5950   181
368   174.88858   05-11_21:13:26.5760   199
369   174.8401   05-11_21:13:27.5810   157
370   174.7973   05-11_21:13:28.5490   159
371   174.71698   05-11_21:13:29.5440   145
372   174.7258   05-11_21:13:30.4880   178
373   174.80429   05-11_21:13:31.6150   204
374   174.76738   05-11_21:13:32.7020   161
375   174.72267   05-11_21:13:33.6710   158
376   174.74202   05-11_21:13:34.6450   182
377   174.80902   05-11_21:13:35.6880   200
378   174.91798   05-11_21:13:36.6940   216
379   174.95778   05-11_21:13:37.7100   190
380   174.90263   05-11_21:13:38.7000   154
381   174.84514   05-11_21:13:39.6680   153
382   174.86649   05-11_21:13:40.6230   183
383   174.83029   05-11_21:13:41.6010   161
384   174.84895   05-11_21:13:42.5730   182
385   174.85974   05-11_21:13:43.5740   179
386   174.96892   05-11_21:13:44.5530   217
387   174.969   05-11_21:13:45.5860   175
388   175.0   05-11_21:13:46.5840   187
389   174.9563   05-11_21:13:47.5750   158
390   174.88461   05-11_21:13:48.5230   147
391   174.83632   05-11_21:13:49.5470   156
392   174.83418   05-11_21:13:50.5070   174
393   174.93893   05-11_21:13:51.4980   216
394   174.934   05-11_21:13:52.5320   173
395   174.90886   05-11_21:13:53.5240   165
396   174.92677   05-11_21:13:54.5490   182
397   174.8665   05-11_21:13:55.5290   151
398   174.83167   05-11_21:13:56.5000   161
399   174.7218   05-11_21:13:57.4470   131
400   174.7575   05-11_21:13:58.3610   189
401   174.70573   05-11_21:13:59.3510   154
402   174.70149   05-11_21:14:00.3300   173
403   174.69975   05-11_21:14:01.2800   174
404   174.98515   05-11_21:14:02.2790   290
405   174.94568   05-11_21:14:03.3840   159
406   174.90887   05-11_21:14:04.3220   160
407   174.91646   05-11_21:14:05.2480   178
408   174.88235   05-11_21:14:06.2360   161
409   174.79951   05-11_21:14:07.2010   141
410   174.74147   05-11_21:14:08.1920   151
411   174.71533   05-11_21:14:09.1950   164
412   174.84467   05-11_21:14:10.2580   228
413   174.78693   05-11_21:14:11.2480   151
414   174.69565   05-11_21:14:12.2310   137
415   174.61205   05-11_21:14:13.2530   140
416   174.53125   05-11_21:14:14.2300   141
417   174.46762   05-11_21:14:15.1600   148
418   174.54546   05-11_21:14:16.0710   207
419   174.5346   05-11_21:14:17.1550   170
420   174.58809   05-11_21:14:18.2640   197
421   174.54633   05-11_21:14:19.2410   157
422   174.57109   05-11_21:14:20.3250   185
423   174.65958   05-11_21:14:21.3360   212
424   174.67216   05-11_21:14:22.4740   180
425   174.63058   05-11_21:14:23.5180   157
426   174.59624   05-11_21:14:24.5010   160
427   174.59485   05-11_21:14:25.4960   174
428   174.62149   05-11_21:14:26.5660   186
429   174.58974   05-11_21:14:27.5810   161
430   174.55116   05-11_21:14:28.5180   158
431   174.91183   05-11_21:14:29.4900   330
432   174.91898   05-11_21:14:30.7580   178
433   174.81525   05-11_21:14:31.7330   130
434   174.7719   05-11_21:14:32.7130   156
435   174.75172   05-11_21:14:33.6780   166
436   174.76834   05-11_21:14:34.7050   182
437   174.72083   05-11_21:14:35.7050   154
438   174.64383   05-11_21:14:36.6490   141
439   174.55353   05-11_21:14:37.5860   135
440   174.45454   05-11_21:14:38.4710   131
441   174.36508   05-11_21:14:39.3770   135
442   174.38461   05-11_21:14:40.3150   183
443   174.32506   05-11_21:14:41.2790   148
444   174.31982   05-11_21:14:42.2610   172
445   174.43146   05-11_21:14:43.2170   224
446   174.42601   05-11_21:14:44.2550   172
447   174.40717   05-11_21:14:45.2950   166
448   174.35715   05-11_21:14:46.2160   152
449   174.30513   05-11_21:14:47.2710   151
450   174.23111   05-11_21:14:48.2100   141
451   174.16187   05-11_21:14:49.1310   143
452   174.09735   05-11_21:14:50.0500   145
453   174.03311   05-11_21:14:50.9700   145
454   173.94273   05-11_21:14:51.8640   133
455   173.8901   05-11_21:14:52.7290   150
456   173.80702   05-11_21:14:53.6560   136
457   173.70897   05-11_21:14:54.6940   129
458   173.62009   05-11_21:14:55.5830   133
459   173.54903   05-11_21:14:56.4830   141
460   173.48914   05-11_21:14:57.3920   146
461   173.4924   05-11_21:14:58.2960   175
462   173.39177   05-11_21:14:59.2490   127
463   173.30885   05-11_21:15:00.1660   135
464   173.21336   05-11_21:15:01.0980   129
465   173.14839   05-11_21:15:01.9890   143
466   173.22533   05-11_21:15:02.8890   209
467   173.19272   05-11_21:15:03.8810   158
468   173.13889   05-11_21:15:04.8070   148
469   173.02132   05-11_21:15:05.7640   118
470   172.92128   05-11_21:15:06.6320   126
471   172.86836   05-11_21:15:07.6080   148
472   172.78601   05-11_21:15:08.5230   134
473   172.69768   05-11_21:15:09.4220   131
474   172.70042   05-11_21:15:10.3370   174
475   172.63368   05-11_21:15:11.3600   141
476   172.57773   05-11_21:15:12.2660   146
477   172.48218   05-11_21:15:13.2090   127
478   172.39749   05-11_21:15:14.0990   132
479   172.33194   05-11_21:15:14.9820   141
480   172.24167   05-11_21:15:15.9210   129
481   172.16425   05-11_21:15:16.8160   135
482   172.09543   05-11_21:15:17.7600   139
483   172.0352   05-11_21:15:18.6650   143
484   171.9566   05-11_21:15:19.5880   134
485   171.88248   05-11_21:15:20.5530   136
486   171.85391   05-11_21:15:21.4510   158
487   171.81108   05-11_21:15:22.3840   151
488   171.73155   05-11_21:15:23.3000   133
489   171.6585   05-11_21:15:24.2020   136
490   171.65715   05-11_21:15:25.0920   171
491   171.64561   05-11_21:15:26.0260   166
492   171.60773   05-11_21:15:26.9550   153
493   171.5213   05-11_21:15:27.9070   129
494   171.58502   05-11_21:15:28.8830   203
495   171.54747   05-11_21:15:29.8900   153
496   171.48387   05-11_21:15:30.8100   140
497   171.42656   05-11_21:15:31.7070   143
498   171.44177   05-11_21:15:32.6800   179
499   171.35672   05-11_21:15:33.7920   129
500   171.388   05-11_21:15:34.6720   187
501   171.37724   05-11_21:15:35.7360   166
502   171.38248   05-11_21:15:36.6610   174
503   171.34195   05-11_21:15:37.6130   151
504   171.27579   05-11_21:15:38.5480   138
505   171.22179   05-11_21:15:39.5030   144
506   171.13043   05-11_21:15:40.4180   125
507   171.03944   05-11_21:15:41.3430   125
508   170.97244   05-11_21:15:42.2350   137
509   170.89981   05-11_21:15:43.1190   134
510   170.84117   05-11_21:15:44.0460   141
511   171.00195   05-11_21:15:44.9980   253
512   170.92578   05-11_21:15:46.0270   132
513   170.88304   05-11_21:15:46.9260   149
514   170.7996   05-11_21:15:47.8390   128
515   170.71262   05-11_21:15:48.7480   126
516   170.70543   05-11_21:15:49.6410   167
517   170.61896   05-11_21:15:50.5740   126
518   170.54054   05-11_21:15:51.4750   130
519   170.49326   05-11_21:15:52.3690   146
520   170.53076   05-11_21:15:53.2880   190
521   170.44914   05-11_21:15:54.2510   128
522   170.41379   05-11_21:15:55.1680   152
523   170.35373   05-11_21:15:56.0930   139
524   170.30344   05-11_21:15:56.9730   144
525   170.25523   05-11_21:15:57.8960   145
526   170.25095   05-11_21:15:58.8400   168
527   170.17647   05-11_21:15:59.9740   131
528   170.17993   05-11_21:16:00.8830   172
529   170.15312   05-11_21:16:01.8290   156
530   170.13774   05-11_21:16:02.8740   162
531   170.05084   05-11_21:16:03.8140   124
532   169.97557   05-11_21:16:04.6930   130
533   169.93996   05-11_21:16:05.5890   151
534   169.87828   05-11_21:16:06.5040   137
535   169.83739   05-11_21:16:07.4090   148
536   169.80597   05-11_21:16:08.3410   153
537   169.75047   05-11_21:16:09.2600   140
538   169.68216   05-11_21:16:10.1580   133
539   169.58998   05-11_21:16:11.0380   120
540   169.53148   05-11_21:16:11.8830   138
541   169.46211   05-11_21:16:12.7950   132
542   169.40775   05-11_21:16:13.6950   140
543   169.37201   05-11_21:16:14.6410   150
544   169.3364   05-11_21:16:15.5570   150
545   169.46239   05-11_21:16:16.4940   238
546   169.42674   05-11_21:16:17.5030   150
547   169.44058   05-11_21:16:18.6430   177
548   169.38321   05-11_21:16:19.5900   138
549   169.34244   05-11_21:16:20.5110   147
550   169.30727   05-11_21:16:21.4540   150
551   169.23048   05-11_21:16:22.3690   127
552   169.18478   05-11_21:16:23.2600   144
553   169.12115   05-11_21:16:24.1660   134
554   169.0704   05-11_21:16:25.1240   141
555   168.98558   05-11_21:16:26.0320   122
556   168.92625   05-11_21:16:26.9210   136
557   168.86714   05-11_21:16:27.8080   136
558   168.83154   05-11_21:16:28.9050   149
559   168.93202   05-11_21:16:29.8610   225
560   168.86964   05-11_21:16:30.8530   134
561   168.80571   05-11_21:16:31.7680   133
562   168.77046   05-11_21:16:32.6700   149
563   168.74068   05-11_21:16:33.5800   152
564   168.66667   05-11_21:16:34.4990   127
565   168.60886   05-11_21:16:35.3930   136
566   168.606   05-11_21:16:36.3450   167
567   168.54144   05-11_21:16:37.2870   132
568   168.47887   05-11_21:16:38.2780   133
569   168.52899   05-11_21:16:39.1750   197
570   168.47192   05-11_21:16:40.1520   136
571   168.40105   05-11_21:16:41.0430   128
572   168.37587   05-11_21:16:41.9350   154
573   168.34555   05-11_21:16:42.8530   151
574   168.27875   05-11_21:16:43.8050   130
575   168.27478   05-11_21:16:44.7260   166
576   168.28125   05-11_21:16:45.7510   172
577   168.23396   05-11_21:16:46.6970   141
578   168.18858   05-11_21:16:47.6080   142
579   168.21762   05-11_21:16:48.5450   185
580   168.16379   05-11_21:16:49.5300   137
581   168.08434   05-11_21:16:50.4480   122
582   168.03264   05-11_21:16:51.3150   138
583   167.96227   05-11_21:16:52.2280   127
584   167.90753   05-11_21:16:53.1110   136
585   167.84273   05-11_21:16:54.0640   130
586   167.7901   05-11_21:16:55.0040   137
587   167.73424   05-11_21:16:55.9230   135
588   167.77551   05-11_21:16:56.8470   192
589   167.71477   05-11_21:16:57.8680   132
590   167.68983   05-11_21:16:58.7840   153
591   167.64297   05-11_21:16:59.7170   140
592   167.59798   05-11_21:17:00.6160   141
593   167.55312   05-11_21:17:01.5240   141
594   167.60101   05-11_21:17:02.4350   196
595   167.57648   05-11_21:17:03.4320   153
596   167.56543   05-11_21:17:04.3830   161
597   167.55779   05-11_21:17:05.3780   163
598   167.5903   05-11_21:17:06.3660   187
599   167.5626   05-11_21:17:07.3420   151
600   167.55667   05-11_21:17:08.2930   164
601   167.50084   05-11_21:17:09.3030   134
602   167.4917   05-11_21:17:10.2070   162
603   167.48093   05-11_21:17:11.1930   161
604   167.45033   05-11_21:17:12.1310   149
605   167.40495   05-11_21:17:13.0510   140
606   167.36469   05-11_21:17:13.9710   143
607   167.30643   05-11_21:17:14.9010   132
608   167.24013   05-11_21:17:15.7870   127
609   167.21347   05-11_21:17:16.6870   151
610   167.15901   05-11_21:17:17.6190   134
611   167.10638   05-11_21:17:18.5210   135
612   167.05392   05-11_21:17:19.4290   135
613   167.00327   05-11_21:17:20.3640   136
614   166.91368   05-11_21:17:21.2960   112
615   166.81464   05-11_21:17:22.1520   106
616   166.76785   05-11_21:17:23.0010   138
617   166.70016   05-11_21:17:23.8950   125
618   166.72168   05-11_21:17:24.7910   180
619   166.69467   05-11_21:17:25.7480   150
620   166.65   05-11_21:17:26.6730   139
621   166.6103   05-11_21:17:27.5920   142
622   166.55948   05-11_21:17:28.4940   135
623   166.52649   05-11_21:17:29.4010   146
624   166.5577   05-11_21:17:30.3180   186
625   166.504   05-11_21:17:31.2760   133
626   166.47284   05-11_21:17:32.2240   147
627   166.45296   05-11_21:17:33.2300   154
628   166.40446   05-11_21:17:34.1770   136
629   166.36566   05-11_21:17:35.0890   142
630   166.33492   05-11_21:17:35.9910   147
631   166.2805   05-11_21:17:36.9770   132
632   166.20886   05-11_21:17:37.8740   121
633   166.20853   05-11_21:17:38.7960   166
634   166.16876   05-11_21:17:39.7300   141
635   166.12756   05-11_21:17:40.6640   140
636   166.0912   05-11_21:17:41.5750   143
637   166.04866   05-11_21:17:42.4960   139
638   166.05956   05-11_21:17:43.3850   173
639   166.05008   05-11_21:17:44.3280   160
640   166.49532   05-11_21:17:45.2970   451
641   166.47739   05-11_21:17:46.5480   155
642   166.4299   05-11_21:17:47.4680   136
643   166.4028   05-11_21:17:48.3740   149
644   166.42392   05-11_21:17:49.2890   180
645   166.37674   05-11_21:17:50.2220   136
646   166.36223   05-11_21:17:51.1580   157
647   166.37404   05-11_21:17:52.0740   174
648   166.50308   05-11_21:17:53.1530   250
649   166.50847   05-11_21:17:54.2430   170
650   166.48   05-11_21:17:55.1870   148
651   166.43933   05-11_21:17:56.1180   140
652   166.7408   05-11_21:17:57.0210   363
653   166.73506   05-11_21:17:58.1410   163
654   166.73088   05-11_21:17:59.1460   164
655   166.67786   05-11_21:18:00.0840   132
656   166.6433   05-11_21:18:00.9900   144
657   166.68341   05-11_21:18:02.0110   193
658   166.66414   05-11_21:18:02.9650   154
659   166.62367   05-11_21:18:03.9030   140
660   166.63484   05-11_21:18:04.7850   174
661   166.59305   05-11_21:18:05.7250   139
662   166.55438   05-11_21:18:06.7120   141
663   166.5792   05-11_21:18:07.6330   183
664   166.57681   05-11_21:18:08.6170   165
665   166.54736   05-11_21:18:09.5450   147
666   166.56006   05-11_21:18:10.4890   175
667   166.55023   05-11_21:18:11.4650   160
668   166.6063   05-11_21:18:12.6740   204
669   166.61435   05-11_21:18:13.6560   172
670   166.58507   05-11_21:18:14.5940   147
671   166.53801   05-11_21:18:15.5550   135
672   166.51637   05-11_21:18:16.4550   152
673   166.55573   05-11_21:18:17.3790   193
674   166.5534   05-11_21:18:18.3670   165
675   166.54222   05-11_21:18:19.3150   159
676   166.5429   05-11_21:18:20.2610   167
677   166.50665   05-11_21:18:21.2680   142
678   166.51918   05-11_21:18:22.2130   175
679   166.47423   05-11_21:18:23.1580   136
680   166.50882   05-11_21:18:24.0670   190
681   166.47723   05-11_21:18:25.0260   145
682   166.42229   05-11_21:18:25.9400   129
683   166.3997   05-11_21:18:26.8490   151
684   166.3538   05-11_21:18:27.7620   135
685   166.33577   05-11_21:18:28.6990   154
686   166.29738   05-11_21:18:29.6110   140
687   166.2824   05-11_21:18:30.5320   156
688   166.26163   05-11_21:18:31.4560   152
689   166.23077   05-11_21:18:32.4180   145
690   166.1797   05-11_21:18:33.3740   131
691   166.21419   05-11_21:18:34.2820   190
692   166.1604   05-11_21:18:35.2430   129
693   166.12987   05-11_21:18:36.1630   145
694   166.11095   05-11_21:18:37.0380   153
695   166.10359   05-11_21:18:37.9560   161
696   166.07327   05-11_21:18:38.9670   145
697   166.08609   05-11_21:18:39.9280   175
698   166.03725   05-11_21:18:40.8930   132
699   165.98856   05-11_21:18:41.7810   132
700   165.99   05-11_21:18:42.6650   167
701   165.95149   05-11_21:18:43.5900   139
702   165.89601   05-11_21:18:44.5030   127
703   165.85918   05-11_21:18:45.4190   140
704   165.86505   05-11_21:18:46.3500   170
705   165.83405   05-11_21:18:47.2870   144
706   165.83711   05-11_21:18:48.1990   168
707   165.85149   05-11_21:18:49.1600   176
708   165.88559   05-11_21:18:50.0920   190
709   165.87024   05-11_21:18:51.0960   155
710   165.83803   05-11_21:18:52.0070   143
711   165.81435   05-11_21:18:52.9140   149
712   165.77107   05-11_21:18:53.8580   135
713   165.81627   05-11_21:18:54.8510   198
714   165.83473   05-11_21:18:55.8330   179
715   165.86433   05-11_21:18:56.7950   187
716   165.83519   05-11_21:18:57.7600   145
717   165.80614   05-11_21:18:58.6670   145
718   165.77019   05-11_21:18:59.5820   140
719   165.7441   05-11_21:19:00.4930   147
720   165.73195   05-11_21:19:01.4530   157
721   165.74202   05-11_21:19:02.3880   173
722   165.73685   05-11_21:19:03.3340   162
723   165.73721   05-11_21:19:04.2580   166
724   165.69751   05-11_21:19:05.1800   137
725   165.69379   05-11_21:19:06.1010   163
726   165.64188   05-11_21:19:07.1700   128
727   165.63411   05-11_21:19:08.0590   160
728   165.60165   05-11_21:19:08.9900   142
729   165.58025   05-11_21:19:09.8900   150
730   165.61234   05-11_21:19:10.8220   189
731   165.58003   05-11_21:19:11.7780   142
732   165.53279   05-11_21:19:12.6890   131
733   165.51569   05-11_21:19:13.6020   153
734   165.46594   05-11_21:19:14.5390   129
735   165.4517   05-11_21:19:15.4630   155
736   165.41711   05-11_21:19:16.4210   140
737   165.37856   05-11_21:19:17.3270   137
738   165.33333   05-11_21:19:18.2290   132
739   165.2774   05-11_21:19:19.1080   124
740   165.23244   05-11_21:19:19.9780   132
741   165.19434   05-11_21:19:20.9460   137
742   165.15903   05-11_21:19:21.8710   139
743   165.1467   05-11_21:19:22.7930   156
744   165.16397   05-11_21:19:23.7350   178
745   165.13155   05-11_21:19:24.6820   141
746   165.12064   05-11_21:19:25.6290   157
747   165.07497   05-11_21:19:26.5630   131
748   165.03743   05-11_21:19:27.5040   137
749   165.0267   05-11_21:19:28.4470   157
750   165.004   05-11_21:19:29.3600   148
751   165.02663   05-11_21:19:30.3140   182
752   165.01994   05-11_21:19:31.3070   160
753   165.05179   05-11_21:19:32.3560   189
754   165.0199   05-11_21:19:33.3090   141
755   165.03973   05-11_21:19:34.2110   180
756   165.04497   05-11_21:19:35.1510   169
757   165.02641   05-11_21:19:36.1220   151
758   164.98416   05-11_21:19:37.0460   133
759   164.96179   05-11_21:19:37.9450   148
760   165.03947   05-11_21:19:38.8580   224
761   165.02759   05-11_21:19:39.8420   156
762   164.98294   05-11_21:19:40.7650   131
763   165.0   05-11_21:19:41.6840   178
764   164.96466   05-11_21:19:42.6930   138
765   164.95686   05-11_21:19:43.5940   159
766   164.94908   05-11_21:19:44.5180   159
767   164.91786   05-11_21:19:45.4660   141
768   164.92578   05-11_21:19:46.4720   171
769   164.93108   05-11_21:19:47.4160   169
770   164.91039   05-11_21:19:48.3570   149
771   164.92348   05-11_21:19:49.2880   175
772   164.91191   05-11_21:19:50.4120   156
773   164.8771   05-11_21:19:51.3440   138
774   164.84625   05-11_21:19:52.2800   141
775   164.8658   05-11_21:19:53.1950   180
776   164.82216   05-11_21:19:54.1660   131
777   164.79794   05-11_21:19:55.0790   146
778   164.75322   05-11_21:19:56.0080   130
779   164.76509   05-11_21:19:56.9360   174
780   164.77051   05-11_21:19:57.8920   169
781   164.74008   05-11_21:19:58.8250   141
782   164.70844   05-11_21:19:59.7440   140
783   164.71136   05-11_21:20:00.6750   167
784   164.68112   05-11_21:20:01.6090   141
785   164.6688   05-11_21:20:02.5550   155
786   164.67557   05-11_21:20:03.4750   170
787   164.65692   05-11_21:20:04.4180   150
788   164.6193   05-11_21:20:05.3070   135
789   164.60963   05-11_21:20:06.1920   157
790   164.57594   05-11_21:20:07.1120   138
791   164.56258   05-11_21:20:08.0130   154
792   164.55429   05-11_21:20:08.9340   158
793   164.51324   05-11_21:20:09.8630   132
794   164.47356   05-11_21:20:10.7660   133
795   164.4239   05-11_21:20:11.6610   125
796   164.3907   05-11_21:20:12.6010   138
797   164.37515   05-11_21:20:13.5020   152
798   164.34335   05-11_21:20:14.4190   139
799   164.31165   05-11_21:20:15.3390   139
800   164.29124   05-11_21:20:16.2480   148
801   164.25093   05-11_21:20:17.2920   132
802   164.2182   05-11_21:20:18.1970   138
803   164.18306   05-11_21:20:19.1010   136
804   164.14055   05-11_21:20:20.0310   130
805   164.11429   05-11_21:20:20.9680   143
806   164.08437   05-11_21:20:21.9130   140
807   164.04462   05-11_21:20:22.8400   132
808   164.0396   05-11_21:20:23.7310   160
809   164.02596   05-11_21:20:24.6420   153
810   164.07901   05-11_21:20:25.5850   207
811   164.03453   05-11_21:20:26.5550   128
812   163.99138   05-11_21:20:27.4570   129
813   163.98032   05-11_21:20:28.3350   155
814   163.96806   05-11_21:20:29.3200   154
815   163.93129   05-11_21:20:30.2610   134
816   163.88847   05-11_21:20:31.3390   129
817   163.84578   05-11_21:20:32.2280   129
818   163.8093   05-11_21:20:33.1190   134
819   163.77167   05-11_21:20:34.0530   133
820   163.7439   05-11_21:20:34.9600   141
821   163.71376   05-11_21:20:35.9050   139
822   163.67154   05-11_21:20:36.7940   129
823   163.63791   05-11_21:20:37.7010   136
824   163.59709   05-11_21:20:38.6480   130
825   163.55394   05-11_21:20:39.5840   128
826   163.51695   05-11_21:20:40.4840   133
827   163.49455   05-11_21:20:41.3990   145
828   163.46739   05-11_21:20:42.3740   141
829   163.45235   05-11_21:20:43.2780   151
830   163.42049   05-11_21:20:44.2030   137
831   163.38869   05-11_21:20:45.1200   137
832   163.3738   05-11_21:20:46.0370   151
833   163.34454   05-11_21:20:46.9380   139
834   163.30696   05-11_21:20:47.8850   132
835   163.28743   05-11_21:20:48.8030   147
836   163.27393   05-11_21:20:49.7040   152
837   163.46117   05-11_21:20:50.6250   320
838   163.44868   05-11_21:20:51.7040   153
839   163.44339   05-11_21:20:52.6360   159
840   163.50595   05-11_21:20:53.6920   216
841   163.48871   05-11_21:20:54.7080   149
842   163.47505   05-11_21:20:55.6140   152
843   163.43773   05-11_21:20:56.4940   132
844   163.40521   05-11_21:20:57.3680   136
845   163.41183   05-11_21:20:58.2390   169
846   163.38652   05-11_21:20:59.1690   142
847   163.38371   05-11_21:21:00.0390   161
848   163.36203   05-11_21:21:00.9740   145
849   163.35925   05-11_21:21:01.9040   161
850   163.35294   05-11_21:21:02.8410   158
851   163.35252   05-11_21:21:03.7580   163
852   163.33568   05-11_21:21:04.6810   149
853   163.35638   05-11_21:21:05.5820   181
854   163.43912   05-11_21:21:06.5340   234
855   163.46666   05-11_21:21:07.5520   187
856   163.47546   05-11_21:21:08.5260   171
857   163.45975   05-11_21:21:09.5410   150
858   163.44057   05-11_21:21:10.4860   147
859   163.48662   05-11_21:21:11.4240   203
860   163.47093   05-11_21:21:12.4160   150
861   163.50058   05-11_21:21:13.3760   189
862   163.48492   05-11_21:21:14.3270   150
863   163.48552   05-11_21:21:15.2710   164
864   163.48958   05-11_21:21:16.2300   167
865   163.49596   05-11_21:21:17.2200   169
866   163.51616   05-11_21:21:18.1550   181
867   163.52826   05-11_21:21:19.1330   174
868   163.53572   05-11_21:21:20.0850   170
869   163.50288   05-11_21:21:21.0090   135
870   163.52644   05-11_21:21:21.9650   184
871   163.49023   05-11_21:21:22.8900   132
872   163.46674   05-11_21:21:23.8090   143
873   163.44673   05-11_21:21:24.7010   146
874   163.44966   05-11_21:21:25.6020   166
875   163.45943   05-11_21:21:26.5640   172
876   163.48288   05-11_21:21:27.5680   184
877   163.45268   05-11_21:21:28.5290   137
878   163.42255   05-11_21:21:29.4630   137
879   163.39818   05-11_21:21:30.3430   142
880   163.3716   05-11_21:21:31.2530   140
881   163.34961   05-11_21:21:32.1460   144
882   163.32767   05-11_21:21:33.0280   144
883   163.29332   05-11_21:21:33.9190   133
884   163.28055   05-11_21:21:34.7950   152
885   163.28136   05-11_21:21:35.7210   164
886   163.26637   05-11_21:21:36.6270   150
887   163.26155   05-11_21:21:37.5520   159
888   163.2545   05-11_21:21:38.4810   157
889   163.22835   05-11_21:21:39.3970   140
890   163.23708   05-11_21:21:40.3110   171
891   163.32211   05-11_21:21:41.2320   239
892   163.31502   05-11_21:21:42.3010   157
893   163.36282   05-11_21:21:43.2030   206
894   163.4284   05-11_21:21:44.1610   222
895   163.41899   05-11_21:21:45.1370   155
896   163.41183   05-11_21:21:46.0400   157
897   163.41583   05-11_21:21:46.9650   167
898   163.42761   05-11_21:21:47.8840   174
899   163.45828   05-11_21:21:48.8210   191
900   163.44221   05-11_21:21:49.7510   149
901   163.43396   05-11_21:21:50.6480   156
902   163.42018   05-11_21:21:51.5940   151
903   163.6556   05-11_21:21:53.1220   376
904   163.88385   05-11_21:21:54.4730   370
905   163.87624   05-11_21:21:55.4940   157
906   163.86534   05-11_21:21:56.4250   154
907   165.37596   05-11_21:21:57.3380   1534
908   165.36234   05-11_21:21:59.6240   153
909   165.38614   05-11_21:22:00.5450   187
910   165.36264   05-11_21:22:01.4870   144
911   165.34906   05-11_21:22:02.6040   153
912   165.32675   05-11_21:22:03.5010   145
913   165.30777   05-11_21:22:04.4070   148
914   165.27899   05-11_21:22:05.3070   139
915   165.30055   05-11_21:22:06.2130   185
916   165.7489   05-11_21:22:07.2990   576
917   165.73936   05-11_21:22:08.9460   157
918   165.71678   05-11_21:22:10.1300   145
919   165.72578   05-11_21:22:11.0200   174
920   165.71088   05-11_21:22:11.9360   152
921   165.67644   05-11_21:22:13.0190   134
922   165.65727   05-11_21:22:13.9000   148
923   165.65872   05-11_21:22:14.9810   167
924   165.6526   05-11_21:22:15.8970   160
925   165.64   05-11_21:22:16.8040   154
926   165.63391   05-11_21:22:17.7020   160
927   165.64941   05-11_21:22:18.6040   180
928   165.64548   05-11_21:22:19.5330   162
929   165.61894   05-11_21:22:20.4590   141
930   165.60968   05-11_21:22:21.3600   157
931   165.59291   05-11_21:22:22.2900   150
932   165.5751   05-11_21:22:23.2330   149
933   165.54555   05-11_21:22:24.1350   138
934   165.51607   05-11_21:22:25.0410   138
935   165.52513   05-11_21:22:25.9230   174
936   165.4968   05-11_21:22:26.8480   139
937   165.62326   05-11_21:22:27.8930   284
938   165.58528   05-11_21:22:28.9230   130
939   165.55272   05-11_21:22:29.8100   135
940   165.57553   05-11_21:22:30.6970   187
941   165.55048   05-11_21:22:31.6230   142
942   165.5191   05-11_21:22:32.5430   136
943   165.4825   05-11_21:22:33.4510   131
944   165.44492   05-11_21:22:34.3700   130
945   165.4127   05-11_21:22:35.2530   135
946   165.40381   05-11_21:22:36.1490   157
947   165.44139   05-11_21:22:37.0600   201
948   165.48102   05-11_21:22:38.0140   203
949   165.44785   05-11_21:22:38.9640   134
950   165.42632   05-11_21:22:39.8770   145
951   165.40799   05-11_21:22:40.7750   148
952   165.39601   05-11_21:22:41.7320   154
953   165.36621   05-11_21:22:42.6950   137
954   165.33333   05-11_21:22:43.5920   134
955   165.31728   05-11_21:22:44.4770   150
956   165.28766   05-11_21:22:45.4040   137
957   165.27063   05-11_21:22:46.3560   149
958   165.25992   05-11_21:22:47.2850   155
959   165.2586   05-11_21:22:48.2160   164
960   165.25313   05-11_21:22:49.1490   160
961   165.24557   05-11_21:22:50.1950   158
962   165.23596   05-11_21:22:51.0950   156
963   165.21184   05-11_21:22:51.9960   142
964   165.19502   05-11_21:22:52.9330   149
965   165.2228   05-11_21:22:53.8360   192
966   165.1998   05-11_21:22:54.7980   143
967   165.19958   05-11_21:22:55.7040   165
968   165.18182   05-11_21:22:56.6210   148
969   165.16718   05-11_21:22:57.5260   151
970   165.13196   05-11_21:22:58.4170   131
971   165.0999   05-11_21:22:59.3000   134
972   165.06996   05-11_21:23:00.1970   136
973   165.0555   05-11_21:23:01.0860   151
974   165.06058   05-11_21:23:01.9840   170
1   304.0   05-11_21:24:44.7690   304
2   230.5   05-11_21:24:45.9380   157
1   153.0   05-11_21:24:52.7130   153
2   136.5   05-11_21:24:53.6040   120
1   194.0   05-11_21:25:07.9480   194
2   169.5   05-11_21:25:08.8770   145
3   178.66667   05-11_21:25:09.7710   197
4   171.5   05-11_21:25:10.7770   150
5   167.4   05-11_21:25:11.6910   151
6   161.5   05-11_21:25:12.6570   132
7   157.0   05-11_21:25:13.5310   130
8   207.625   05-11_21:25:14.7330   562
9   200.22223   05-11_21:25:16.0450   141
10   261.9   05-11_21:25:17.5700   817
11   266.81818   05-11_21:25:20.4720   316
12   270.5   05-11_21:25:21.7530   311
13   270.92307   05-11_21:25:24.3910   276
14   268.85715   05-11_21:25:25.5510   242
15   267.86667   05-11_21:25:26.6230   254
16   264.0625   05-11_21:25:27.8100   207
1   353.0   05-11_21:26:15.9080   353
2   294.5   05-11_21:26:17.0130   236
3   296.33334   05-11_21:26:18.0860   300
4   276.0   05-11_21:26:19.3640   215
5   259.6   05-11_21:26:20.4480   194
6   250.16667   05-11_21:26:21.5370   203
7   242.42857   05-11_21:26:22.6300   196
8   244.375   05-11_21:26:23.7290   258
9   242.77777   05-11_21:26:24.8480   230
10   241.6   05-11_21:26:26.0670   231
11   240.54546   05-11_21:26:27.1670   230
12   238.0   05-11_21:26:28.5510   210
13   241.3077   05-11_21:26:29.6330   281
14   242.64285   05-11_21:26:30.8820   260
15   241.6   05-11_21:26:32.0470   227
16   246.375   05-11_21:26:33.2530   318
17   249.64706   05-11_21:26:34.4680   302
18   251.16667   05-11_21:26:35.6220   277
19   248.89473   05-11_21:26:36.8240   208
20   248.0   05-11_21:26:37.8900   231
21   247.2381   05-11_21:26:39.1580   232
22   246.63637   05-11_21:26:40.2970   234
23   244.65218   05-11_21:26:41.5210   201
24   246.20833   05-11_21:26:42.6920   282
25   246.96   05-11_21:26:44.0150   265
26   248.6923   05-11_21:26:45.1390   292
27   248.62962   05-11_21:26:46.4300   247
28   245.60715   05-11_21:26:47.5820   164
29   244.72414   05-11_21:26:48.6450   220
30   246.66667   05-11_21:26:49.8250   303
31   245.41936   05-11_21:26:50.9860   208
32   249.65625   05-11_21:26:52.1680   381
33   252.45454   05-11_21:26:53.4790   342
34   251.41176   05-11_21:26:54.6690   217
35   250.34285   05-11_21:26:55.7240   214
36   247.97223   05-11_21:26:56.7990   165
37   245.62163   05-11_21:26:57.8260   161
38   244.57895   05-11_21:26:58.8340   206
39   242.07692   05-11_21:27:00.0740   147
40   242.65   05-11_21:27:01.0380   265
41   241.0   05-11_21:27:02.1330   175
42   238.85715   05-11_21:27:03.1230   151
43   236.93024   05-11_21:27:04.1090   156
44   234.93182   05-11_21:27:05.0900   149
45   233.77777   05-11_21:27:06.0610   183
46   232.08696   05-11_21:27:07.0320   156
47   230.61702   05-11_21:27:08.1990   163
48   229.4375   05-11_21:27:09.1830   174
49   227.79591   05-11_21:27:10.1950   149
50   226.22   05-11_21:27:11.2190   149
51   225.37254   05-11_21:27:12.1700   183
52   224.67308   05-11_21:27:13.1920   189
53   223.77359   05-11_21:27:14.2150   177
54   222.5   05-11_21:27:15.2150   155
55   221.56363   05-11_21:27:16.1870   171
56   220.01785   05-11_21:27:17.1780   135
57   218.8772   05-11_21:27:18.1650   155
58   218.2069   05-11_21:27:19.1710   180
59   218.66101   05-11_21:27:20.1900   245
60   217.3   05-11_21:27:21.2770   137
61   216.31148   05-11_21:27:22.2210   157
62   215.87097   05-11_21:27:23.1670   189
63   214.73016   05-11_21:27:24.1480   144
64   214.1875   05-11_21:27:25.0550   180
65   213.4   05-11_21:27:26.1080   163
66   212.72728   05-11_21:27:27.2070   169
67   212.31343   05-11_21:27:28.3160   185
68   211.32353   05-11_21:27:29.4110   145
69   210.89854   05-11_21:27:30.3300   182
70   210.5   05-11_21:27:31.3290   183
71   210.26761   05-11_21:27:32.3450   194
72   209.875   05-11_21:27:33.3530   182
73   209.31506   05-11_21:27:34.3480   169
74   208.93243   05-11_21:27:35.3440   181
75   208.94667   05-11_21:27:36.3750   210
76   208.23685   05-11_21:27:37.3670   155
77   207.33766   05-11_21:27:38.3480   139
78   208.26923   05-11_21:27:39.3130   280
79   208.7848   05-11_21:27:40.4200   249
80   210.2875   05-11_21:27:41.5090   329
81   210.59259   05-11_21:27:42.6950   235
82   210.45122   05-11_21:27:43.8670   199
83   209.54218   05-11_21:27:44.8320   135
84   209.2262   05-11_21:27:45.7880   183
1   151.0   05-11_21:27:57.6980   151
1   162.0   05-11_21:28:27.8710   162
2   174.5   05-11_21:28:28.7670   187
3   171.33333   05-11_21:28:29.7600   165
4   167.0   05-11_21:28:30.7740   154
5   169.2   05-11_21:28:31.7430   178
6   166.5   05-11_21:28:32.7420   153
7   168.57143   05-11_21:28:33.7070   181
8   167.25   05-11_21:28:34.7890   158
9   166.77777   05-11_21:28:35.8080   163
10   169.1   05-11_21:28:36.8500   190
11   167.90909   05-11_21:28:37.8980   156
12   164.58333   05-11_21:28:38.8900   128
13   165.61539   05-11_21:28:39.7770   178
14   191.92857   05-11_21:28:41.3670   534
15   202.93333   05-11_21:28:43.8080   357
16   201.1875   05-11_21:28:45.6260   175
17   197.11765   05-11_21:28:46.5550   132
18   193.33333   05-11_21:28:47.4980   129
19   190.78947   05-11_21:28:48.4280   145
1   164.0   05-11_21:28:50.2940   164
2   172.0   05-11_21:28:51.2100   180
3   177.0   05-11_21:28:52.1440   187
4   192.75   05-11_21:28:53.1420   240
5   206.8   05-11_21:28:54.2010   263
6   214.5   05-11_21:28:55.3290   253
7   216.71428   05-11_21:28:56.4240   230
8   220.875   05-11_21:28:57.4610   250
9   224.22223   05-11_21:28:58.5280   251
10   228.2   05-11_21:28:59.6570   264
11   238.54546   05-11_21:29:00.7510   342
12   238.08333   05-11_21:29:02.0260   233
13   238.53847   05-11_21:29:03.0630   244
14   246.5   05-11_21:29:04.1520   350
15   250.2   05-11_21:29:05.3300   302
16   250.9375   05-11_21:29:06.4620   262
17   252.58824   05-11_21:29:07.5390   279
18   253.77777   05-11_21:29:08.6390   274
19   254.26315   05-11_21:29:09.7500   263
20   253.9   05-11_21:29:10.8180   247
21   253.71428   05-11_21:29:11.9130   250
22   253.68182   05-11_21:29:13.0600   253
23   253.04347   05-11_21:29:14.1160   239
24   253.79167   05-11_21:29:15.1640   271
25   254.8   05-11_21:29:16.3010   279
26   257.3846   05-11_21:29:17.3850   322
27   257.74075   05-11_21:29:18.7020   267
28   255.67857   05-11_21:29:19.8380   200
29   252.34483   05-11_21:29:20.8670   159
30   250.9   05-11_21:29:21.8630   209
31   247.90323   05-11_21:29:22.8740   158
32   245.09375   05-11_21:29:23.8590   158
33   242.27272   05-11_21:29:24.8110   152
34   241.52942   05-11_21:29:25.7730   217
35   241.65715   05-11_21:29:26.8050   246
36   242.16667   05-11_21:29:27.8860   260
37   241.86487   05-11_21:29:28.9850   231
38   241.89473   05-11_21:29:30.0580   243
39   242.6923   05-11_21:29:31.1580   273
40   242.775   05-11_21:29:32.2370   246
41   243.04878   05-11_21:29:33.3400   254
42   242.9762   05-11_21:29:34.5180   240
43   243.34883   05-11_21:29:35.6200   259
44   244.06818   05-11_21:29:36.6900   275
45   244.91112   05-11_21:29:37.9110   282
46   245.39131   05-11_21:29:39.1180   267
47   246.23404   05-11_21:29:40.3190   285
48   246.6875   05-11_21:29:41.4410   268
49   246.81633   05-11_21:29:42.5020   253
50   247.1   05-11_21:29:43.6290   261
51   247.80392   05-11_21:29:44.7020   283
52   247.90384   05-11_21:29:45.8080   253
53   247.92453   05-11_21:29:46.8860   249
54   247.88889   05-11_21:29:47.9560   246
